hour amb tz_v3 tz_v35 tz_hy ts_v3 ts_v35 ts_hy p_v3 p_v35 p_hy
0.0 -4.6483258928571445 22.323114684417533 26.923419449074743 22.649149172535033 27.971111074090004 35.0 32.71557778120041 1.9928521561689505 4.299672108767198 2.1757434928411574
0.25 -4.3237025669643 21.605814621526065 17.778729406115076 22.47403490947039 26.077580435201526 18.0 28.174515046179295 1.589951215008904 0.31120893742933614 1.9513168347344747
0.5 -4.0 21.75819803345246 25.847954556949958 21.981575928390555 26.854118388146162 35.0 26.85243058204651 1.6957270515154892 3.7286589731247406 1.751018309425365
0.75 -3.6260044642856997 21.700686930738357 17.742007614586612 21.80215887439209 26.786104064434767 18.0 26.768058199435472 1.6906306273502876 0.3334544530750777 1.7047895712090848
1.0 -3.225892857142867 21.718081743621497 25.658149527404703 21.78716338693988 26.944793175905943 35.0 26.965250581502914 1.7102347207091058 3.6940961337732343 1.7173795249480441
1.25 -2.9128348214285893 21.749073583521465 17.73264355913716 21.804209181189663 27.080901112407446 18.0 27.100147902965546 1.7284715515758802 0.3388689801494761 1.7341988684575667
1.5 -2.8000000000000114 21.777213512002334 25.566958550110883 21.824427808643463 27.21134228631854 35.0 27.18779944628477 1.7464291928960207 3.67919271871542 1.7521579613807454
1.75 -2.8249999999999886 21.81540233592932 17.708487268928707 21.848033226984683 27.358289267867804 18.0 27.251292772591114 1.775990731117856 0.35348337703786015 1.777989228572503
2.0 -2.8500000000000227 21.83799375676415 25.4183606996167 21.862674889808375 27.480472091585398 35.0 27.27404835820198 1.799835934762628 3.647009998705603 1.8012909059971662
2.25 -2.875 21.86012284788194 17.670734137074476 21.87719114837489 27.60217671096325 18.0 27.29447289556265 1.8246170181909758 0.37652926720263213 1.8251842486271515
2.5 -2.8999999999999773 21.884365897011776 25.305244410355556 21.89254260728518 27.71964994072914 35.0 27.31477216631174 1.8511312583712003 3.638830067825414 1.8499533715394962
2.75 -2.9250000000000114 21.86195427830694 17.63264147407449 21.905628159528817 27.942562445998192 18.0 27.421401411294937 1.8545037009125842 0.39981655236834873 1.8725636767589555
3.0 -2.9499999999999886 21.903716507892 25.173204495304333 21.92113629475284 28.090069010853767 35.0 27.469078972935677 1.8922479779469719 3.622721770911952 1.8975508235078908
3.25 -2.9750000000000227 21.95433176908881 17.593816555483443 21.93838352607412 28.199529990553856 18.0 27.49508211761713 1.932196959369896 0.42358214550267037 1.923645053966015
3.5 -3.0 22.020054343830054 25.060201707462284 21.955952072881132 28.300893858075142 35.0 27.51019897311926 1.978316122821035 3.6182496934776283 1.9498712250744143
3.75 -3.0984374999999886 22.06311642211847 17.553459577255182 21.984444979887655 28.525692835450172 18.0 27.645835608243942 2.012499232713582 0.448314475639218 1.981267490010693
4.0 -3.2624999999999886 22.17085310729908 24.92213280417917 21.994302649131555 28.637153521180153 35.0 27.669762417674065 2.0852531731266777 3.6097547240593206 2.0097332077403576
4.25 -3.3703125000000114 22.280258490026426 17.50140697798963 21.997190500529598 28.68878971040249 18.0 27.655818052589893 2.157363546325708 0.480267734408914 2.036914197124046
4.5 -3.3000000000000114 22.379065386096386 24.79910336333353 22.00204665468118 28.698346197605133 35.0 27.63653776049614 2.2190566327049392 3.613627378369669 2.0611461847533454
4.75 -3.1000000000000227 22.358617265395253 17.468122657632932 21.939371281049205 28.657676726579666 18.0 27.549901142716408 2.211604106008911 0.5006736054505938 2.043783078445696
5.0 -2.8999999999999773 22.38487453167528 24.67304190170205 21.929537801912545 28.553378403186798 35.0 27.59163924306631 2.231387879286345 3.591106951150679 2.0508498970194853
5.25 -2.6999999999999886 22.38211371940463 17.449322720674218 21.932048648924933 28.379202842712402 18.0 27.62749259918928 2.235543106030965 0.5121780577766906 2.0612130212290247
5.5 -2.5 22.348454593441033 24.6023347334106 21.93416211753862 28.167695552110672 35.0 27.64236094802618 2.224871132552023 3.5881098163485157 2.0692989749001747
5.75 -2.3000000000000114 22.115884727844104 17.435171261853327 21.81674755790965 27.70714709162712 18.0 27.534367702901363 2.1178528931675653 0.5208369935822709 2.017690749243321
6.0 -2.1000000000000227 21.978057153939858 24.508935383907215 21.77180743622489 27.387546557933092 35.0 27.582819029688835 2.0686426475099537 3.565902236050147 2.0053524094975406
6.25 -1.8999999999999773 21.870498319925105 17.426053781333508 21.75273361271826 27.085308115929365 18.0 27.62018635123968 2.030613212671668 0.5264104926658463 2.000177199224397
6.5 -1.6999999999999886 21.81936229589229 24.530282156775 21.787809161369807 26.802825700491667 35.0 27.620387487113476 1.9740132076864394 3.5417392966981596 1.9754485347281314
6.75 -1.6578124999999773 21.70026384978894 17.543580737379784 21.811496041055705 26.239062555134296 18.0 27.466428361833096 1.7903559326058152 0.45403758188784255 1.8479902858011088
7.0 -1.7375000000000114 21.647674245738358 24.958965822920675 21.91025757508902 25.634011331945658 35.0 27.295312270522118 1.5995927347463506 3.3956567183507427 1.7091882608139999
7.25 -1.6484375 21.50882642961176 17.786959161770085 21.94190317535481 24.926644012331963 18.0 27.00487333536148 1.40784379834372 0.3042069261439932 1.5687936982310948
7.5 -1.1000000000000227 21.36651637057969 25.47408562814212 21.947101414637984 24.33166965842247 35.0 26.740797702223063 1.2424328267771951 3.300613982631451 1.4409714014315573
7.75 -0.22500000000002274 21.51149751618425 18.52393177154954 22.34905695458758 23.16359941661358 18.0 25.884733214974403 0.6972203110545169 0.2699117433282484 0.9846572821842242
8.0 0.6499999999999773 20.93559884396558 26.448690718563114 22.194323407473576 21.733435451984406 35.0 25.167773626744747 0.3620518316276937 2.839246615430811 0.7130902126911033
8.25 1.5249999999999773 20.97243296176623 18.914994588011268 22.232348194002782 21.545662701129913 18.0 25.143796786665916 0.25780985190680433 0.3421707902295793 0.5660629173743525
8.5 2.3999999999999773 20.961717935214324 26.85967061980466 22.354296251184905 21.121422559022903 35.0 25.228456750512123 0.10083988428460122 2.502091734952161 0.45914701173969186
8.75 3.2749999999999773 20.69463422070629 19.32513561827534 22.33864167049387 20.156709045171738 18.0 24.426102824509144 0.1019464875733392 0.41798966676937144 0.2918214817975042
9.0 4.149999999999977 20.996470148275534 27.29583608620038 22.490617103066995 20.236498177051544 35.0 24.09725111722946 0.12125215059128351 2.1701313155618034 0.18234679570167553
9.25 5.024999999999977 20.991893301939 19.789161171586898 22.77021181662309 19.729456931352615 18.0 23.766757011413574 0.18633268973350903 0.5037955897064337 0.09589528560480852
9.5 5.899999999999977 21.274768411665264 27.863900540834663 23.104940701732744 19.738458395004272 35.0 23.192692428827286 0.21813310202829628 1.895535031421315 0.008385356915148577
9.75 6.774999999999977 20.838809332137487 20.32479215765727 23.150965044756674 18.530094861984253 18.0 21.280092924833298 0.35581892878285715 0.6028622754787657 0.0670762550094441
10.0 7.649999999999977 21.447795598387188 28.407297989607855 23.16693264850835 19.027210026979446 35.0 19.83008313179016 0.34318897411891247 1.6292954660516183 0.13838416251688182
10.25 8.524999999999977 21.01782574711251 20.87739604445352 23.18433103933353 18.0 18.0 18.72511914372444 0.5056265470398867 0.7050888351299793 0.21035095742388804
10.5 9.399999999999977 21.704351272824624 29.00642389787265 23.235584476949555 18.57453727722168 35.0 18.0 0.4731266730859006 1.4345097130046098 0.27941308511480617
10.75 9.962343750000002 21.35164468610685 21.426524296209493 23.360848674301963 18.0 18.0 18.0 0.6522247837335365 0.8066876790212087 0.3355922062497546
11.0 10.07458333333335 21.679660315073193 29.586154886377187 23.38128961169889 18.0 35.0 18.0 0.6520184460475454 1.2738017881163222 0.40048896825698127
11.25 9.999531250000018 21.707415293449117 21.89286352490376 23.384633939277364 18.0 18.0 18.0 0.7422963899689979 0.8929752254771993 0.4611684900656512
11.5 10.0 21.864717526360494 30.117220002433726 23.395876625333642 18.0 35.0 18.0 0.7818818299238628 1.165601350111758 0.5202413046015847
11.75 10.125042613636367 21.951766039390634 22.308625881488922 23.39025796379974 18.0 18.0 18.0 0.8441014537697238 0.9699064721759662 0.5836199384194001
12.0 10.249280303030332 22.062437006254754 30.602558698802227 23.393812966050973 18.0 35.0 18.0 0.8890100145856202 1.0746198918826275 0.6423819204438586
12.25 10.373877840909074 22.155181854934597 22.676963872862984 23.39953830712625 18.0 18.0 18.0 0.9343346196978896 1.038064640254712 0.6981276087480162
12.5 10.5 22.274230378327104 31.065090182110282 23.409101461634236 18.0 35.0 18.0 0.963592493374196 0.996465986766221 0.7507683707182686
12.75 10.660653409090912 22.394060964956452 23.00166438509342 23.391596404805853 18.0 18.0 18.0 0.9857674897410267 1.0981479176861544 0.8060227055399526
13.0 10.851136363636385 22.50035665743337 31.481095946097867 23.39595887126967 18.0 35.0 18.0 1.0054378897502407 0.9222947105328169 0.8510486475611377
13.25 11.016051136363615 22.58808420342251 23.266102614762474 23.401544954702103 18.0 18.0 18.0 1.0216731194933442 1.1470805639918316 0.8883038509991755
13.5 11.100000000000023 22.65077158834805 31.813082191630656 23.40111121461956 18.0 35.0 18.0 1.033276861536457 0.8694321875582601 0.9162513576332803
13.75 11.066051136363626 22.68476629476072 23.429987222243426 23.42391243166503 18.0 18.0 18.0 1.0395744976660108 1.177414845781034 0.9248917872934354
14.0 10.951136363636351 22.691398217907647 31.995017386094503 23.418290587705087 18.0 35.0 18.0 1.040812452804026 0.8484551270182314 0.9291147019239684
14.25 10.81065340909089 22.675048664055396 23.482489983250105 23.40654053964937 18.0 18.0 18.0 1.037801014934274 1.1871538375411326 0.9245369540098178
14.5 10.699999999999989 22.69887707936971 32.044542434017046 23.39611615357302 18.0 35.0 18.0 1.0106065255329553 0.8555003748428962 0.911844604320993
14.75 10.624112215909065 22.809960778513755 23.459974341607733 23.426217529936196 18.0 18.0 18.0 0.9503470133835378 1.1830222778150945 0.8840393150067208
15.0 10.5499053030303 22.81587730556481 32.013547381506044 23.429780639021544 18.0 35.0 18.0 0.9208994620133469 0.8787830249754733 0.8578872340659169
15.25 10.475745738636363 22.862037965017862 23.371843324078043 23.42749524043512 18.0 18.0 18.0 0.873038939635219 1.166756378354023 0.8280684120476182
15.5 10.399999999999977 22.876868437923918 31.864430237402814 23.408036727792137 18.0 35.0 18.0 0.8270776600277571 0.9290309030022691 0.7922514476892349
15.75 10.338671874999989 22.986066263717873 23.20559468331618 23.430330199444995 18.0 18.0 18.0 0.750661014008142 1.136040030871518 0.7402981236372271
16.0 10.280208333333348 22.9659400128632 31.573363922808028 23.416203211510435 18.0 35.0 18.0 0.7034275828174452 1.0131320291548014 0.6917373635822175
16.25 10.181640625 22.97678543498614 22.971638942921743 23.399049487568163 18.0 18.0 18.0 0.6469103655204 1.0927899666819696 0.6421716445646923
16.5 10.0 22.931404244629675 31.20248282447278 23.375650544094526 18.0 35.0 18.0 0.6024214867077142 1.1151991413607358 0.593298579304443
16.75 9.698046874999989 22.97980192731569 22.70711562896139 23.468465830000355 18.0 18.0 18.0 0.5391359485233871 1.043873338192495 0.5236005069886761
17.0 9.307291666666686 22.8571234129833 30.829216508244485 23.451166746253534 18.0 35.0 18.0 0.5148598859551775 1.2236331312197704 0.4810076111270439
17.25 8.887890625000011 22.793190814822196 22.467267278941506 23.425320656882093 18.0 18.0 18.0 0.4832732525977178 0.9995088725250264 0.4452550719009364
17.5 8.5 22.686274931724938 30.527379460777297 23.391316616653 18.0 35.0 18.0 0.4643317133704498 1.307228239388488 0.4153893088483721
17.75 8.149765624999986 22.04950363091882 21.864112780370192 22.822126418154994 18.0 18.0 18.0 0.385727830617949 0.8877189961779359 0.3274496449157936
18.0 7.801458333333358 22.35403213952293 29.671664196650852 23.28360388911085 19.04869458079338 35.0 18.794845402240753 0.2905716007982185 1.607942429549349 0.20979625977604102
18.25 7.452421875000027 21.879553878788272 21.617573601237723 22.95428535608852 18.49574115872383 18.0 18.128891110420227 0.33312936849796976 0.8419595770673467 0.23028000654596695
18.5 7.100000000000023 22.186107317172002 29.538793695505092 23.058684003638803 19.523274421691895 35.0 18.652291238307953 0.24778157325170994 1.7689930252879436 0.1803159427143016
18.75 6.726875000000007 22.00617191548872 21.417126250883655 23.118902809211704 19.605183839797974 18.0 19.319564312696457 0.25121221821751144 0.8047753112060515 0.14438908755302968
19.0 6.3349999999999795 22.105014296195975 29.431882332693533 23.009817536113417 20.156750589609146 35.0 19.49917408823967 0.20667054381626496 1.904090490071689 0.1342173029760034
19.25 5.950625000000002 21.93590337788396 21.23396482934089 22.944823234219427 20.0831019282341 18.0 19.81252858042717 0.20617796022252374 0.770819377959038 0.11635508199112685
19.5 5.600000000000023 21.981485650038792 29.31819258879318 22.8667858367416 20.464864909648895 35.0 20.08603385090828 0.1718196233436849 2.0170092952665786 0.10172733712494647
19.75 5.300625000000025 22.003626012742984 21.06443803011541 22.87811406356036 20.815067797899246 18.0 20.768059760332108 0.14745585958743745 0.7394110177289174 0.07573207261750528
20.0 5.035000000000025 21.94147212299447 29.211445459240736 22.803796089183265 20.908175975084305 35.0 21.06604838371277 0.13414077408549369 2.110779249302343 0.0641988072349358
20.25 4.776875000000018 21.92076910874323 20.907751791707653 22.73670073369277 21.079201251268387 18.0 21.3643197119236 0.11458674524251136 0.7104004723860226 0.051362638680259975
20.5 4.5 21.8639651892978 29.104185571153323 22.671366273691433 21.160601496696472 35.0 21.651664346456528 0.10088595222800191 2.1899117725227253 0.03879095304994485
20.75 4.202499999999986 22.044250019850097 20.757050651048303 22.686982371124714 21.77532136440277 18.0 22.302483290433884 0.05833751790587823 0.6825148393458492 0.01605167013333021
21.0 3.9016666666666424 21.90012566300237 29.016133409424697 22.646620147350177 21.637125819921494 35.0 22.62334668636322 0.06008432711665408 2.276638101854422 0.002689947745117496
21.25 3.6000000000000227 21.941873833773684 20.6112341982452 22.59625824091495 21.912150502204895 18.0 22.88926300406456 0.03423507906441889 0.6555483812905273 0.042697001973786744
21.5 3.3000000000000114 21.84982335924417 28.88443529020242 22.541208907638293 21.88385570049286 35.0 23.116364657878876 0.04350593448649795 2.343563878616927 0.0854154622105528
21.75 3.044687500000009 22.04408596826312 20.470139988239566 22.5707722451956 22.489329397678375 18.0 23.61312162876129 0.19076787409954385 0.6294631162722609 0.1650816616234321
22.0 2.825833333333321 21.996041444756088 28.77457713871354 22.553889360971823 22.527144461870193 35.0 23.824085548520088 0.22425789825973544 2.415088346840485 0.2169525722182775
22.25 2.5690624999999727 22.012114071652434 20.33794629777617 22.524794350194384 22.72752569615841 18.0 23.988178730010986 0.2873148726078085 0.6050253178946803 0.26345390606805685
22.5 2.1999999999999886 21.988057803665413 28.627328888145314 22.487229735971027 22.84054708480835 35.0 24.13395157456398 0.33471097015684864 2.4701847831461343 0.3089548618990616
22.75 1.677812500000016 22.286260431391725 20.1955957545199 22.630915739347927 23.636176764965057 18.0 24.821915045380592 0.5269229047318793 0.5787119096667884 0.44062819229658184
23.0 1.0491666666666788 22.255651662812 28.484107639047295 22.627501384243203 23.701832681894302 35.0 24.906226441264153 0.5732701372746629 2.553901414901687 0.5050497957721197
23.25 0.370937500000025 22.254542120602423 20.03445069042084 22.57926193413664 23.89114435017109 18.0 24.938609063625336 0.6402433103007048 0.5489262273781081 0.5583338093543974
23.5 -0.30000000000001137 22.22239870881782 28.272403967047637 22.521771208886832 24.013369858264923 35.0 24.981756255030632 0.6962801569873243 2.627610809024913 0.6111550124209998
23.75 -0.9488281249999773 22.45184682492726 19.866389546051266 22.68859629584881 24.639628693461418 18.0 25.59808014333248 0.8529196327906946 0.5178640825674914 0.7564032999550243
24.0 -1.5985416666666765 22.438238559303045 28.075337927869782 22.678365723859997 24.738890513777733 35.0 25.587997764348984 0.9057795998302207 2.7124102447949756 0.817754599136632
24.25 -2.2489843750000205 22.429114067065143 19.69841716849305 22.634929866446896 24.89649237692356 18.0 25.57562493160367 0.9654571728065017 0.4868200736052513 0.8706805861861086
24.5 -2.8999999999999773 22.40179151477645 27.844708488274534 22.58472608320784 25.01973344385624 35.0 25.581949945539236 1.0206066989656983 2.785109913588087 0.9231710534921362
24.75 -3.6061718749999727 22.618168956886166 19.5261085182334 22.79101383884222 25.605103369802237 18.0 26.153614291921258 1.178925890841225 0.4549763401967264 1.078993288156924
25.0 -4.356875000000002 22.61459716488025 27.623143886535388 22.762874709050948 25.74516999721527 35.0 26.079545056447387 1.2446749159537607 2.8754594083208143 1.1404333963278384
25.25 -5.054140625000002 22.59837206865126 19.34508142577596 22.71548490862631 25.902538362890482 18.0 26.049466598778963 1.310170439902317 0.4215237096994975 1.200877920053296
25.5 -5.600000000000023 22.575650809567207 27.370599539280306 22.669700979319657 26.038628693670034 35.0 26.041347922757268 1.3708544888922307 2.95370163720053 1.2597315810958063
25.75 -5.929140625000002 22.660608001575042 19.17919615025062 22.724192485103913 26.33697503618896 18.0 26.210014823824167 1.469161144017062 0.39086919675010884 1.3517716234867727
26.0 -6.106875000000002 22.68213052571849 27.155070657053784 22.718854335147853 26.49513467773795 35.0 26.21400961279869 1.5262260611654306 3.016834253863156 1.4063335510376667
26.25 -6.231171874999973 22.703540187327178 19.043661292560216 22.717958497101165 26.64506734907627 18.0 26.24542768858373 1.5778134554798846 0.365825202532458 1.4568508812536494
26.5 -6.399999999999977 22.725521250779252 26.960114653650464 22.713901491870274 26.781066674739122 35.0 26.27851165831089 1.627769215525497 3.0628721782354655 1.5037583032777861
26.75 -6.624003906249982 22.801829775461442 18.914716131473767 22.790083475248593 27.01858014985919 18.0 26.489515285938978 1.7006869386479742 0.3420005858426578 1.584985191538346
27.0 -6.8485937500000205 22.858185996862233 26.77794413358106 22.782399374177146 27.166822861880064 35.0 26.487837359309196 1.7609956098961976 3.1133477132983853 1.6286536424921327
27.25 -7.073886718749975 22.922734720890332 18.786684975776836 22.771049824471845 27.29549991711974 18.0 26.497693143785 1.821954951137637 0.3183464173880027 1.6713932780933731
27.5 -7.300000000000011 22.991226314976757 26.59478227079785 22.754150806588996 27.40706193074584 35.0 26.50408687070012 1.8866251782700976 3.1602177121324675 1.711422975971105
27.75 -7.560253906250011 23.131686592886524 18.661541302483045 22.83465856297596 27.62604069709778 18.0 26.704501796513796 1.9828073146431242 0.29522666487404275 1.7901868108790762
28.0 -7.850781250000011 23.208746944244695 26.428781426512046 22.816252412640665 27.724812850356102 35.0 26.675529301166534 2.0499667213282717 3.21217404869351 1.8241144329681167
28.25 -8.115917968750011 23.24199269482068 18.54117125114641 22.79119730117236 27.75463618338108 18.0 26.652997966855764 2.0981511366607557 0.27298901101471446 1.8533991198865276
28.5 -8.300000000000011 23.23629152564604 26.275121046339393 22.76340758132841 27.71871367096901 35.0 26.627792589366436 2.1249914449217964 3.2569245114224 1.8757294422836996
28.75 -8.306249999999977 23.15424576323926 18.438096842893287 22.680160313281817 27.566759318113327 18.0 26.510089471936226 2.1138451696190805 0.25394933515813856 1.8707154355804965
29.0 -8.149999999999977 23.082666089112877 26.145582529227113 22.657386989800784 27.419610630720854 35.0 26.51784561574459 2.10559556194402 3.2841531667359387 1.883519869326866
29.25 -7.943750000000023 23.000877049990038 18.35768359727865 22.63785660149307 27.25782759860158 18.0 26.525958497077227 2.0910303412117686 0.23909912856992227 1.8929687951116085
29.5 -7.800000000000011 22.906528628143235 26.044103803341784 22.613926712583748 27.08381251618266 35.0 26.53311788290739 2.0735761562146453 3.3094085665222255 1.9012453760260473
29.75 -7.725000000000023 22.75926692214125 18.27989709261618 22.54141914838175 26.841348856687546 18.0 26.469534754753113 2.037876131743027 0.22473449580434088 1.8932473039220927
30.0 -7.649999999999977 22.6372734496739 25.950733573653565 22.493074011436192 26.64431055635214 35.0 26.462635844945908 2.0185733545545164 3.3465216639878057 1.8982892954585504
30.25 -7.574999999999989 22.52404966334501 18.202823348179436 22.444102792808224 26.466121207922697 18.0 26.4468903131783 2.0014406690875095 0.21050193837984424 1.9013448840744969
30.5 -7.5 22.4449632239764 25.89112330877674 22.42086590468432 26.303180852904916 35.0 26.425174225121737 1.9723259577527097 3.3668864522650974 1.8893734593180278
30.75 -7.425000000000011 22.396993503846147 18.223439641677658 22.42494011148119 26.05995869077742 18.0 26.309002678841352 1.8843032273193645 0.2143099511223437 1.8177760942658825
31.0 -7.350000000000023 22.334465971576662 26.091789688203335 22.426780365741763 25.760202180594206 35.0 26.18370946869254 1.7847614053300562 3.3039761381129886 1.7365864394054695
31.25 -7.274999999999977 22.22436242531171 18.2956169944747 22.37849990987354 25.457787364721298 18.0 26.051100162789226 1.704196554441834 0.227640084611585 1.6715018558445183
31.5 -7.199999999999989 22.108193786321465 26.169434207541258 22.308146950854734 25.234837368130684 35.0 25.964440904557705 1.6583538865401575 3.2783089092401223 1.6350503892240429
31.75 -7.09375 22.506281598190355 18.732129587945337 22.776197324461293 25.00145895779133 18.0 25.808348447084427 1.3407978078531793 0.30837043189107 1.3417784806734099
32.0 -6.949999999999989 22.102371679560065 26.699372157440223 22.53044405788546 24.165762200951576 35.0 25.312281772494316 1.1377176143560062 2.99173961758152 1.1801815844408987
32.25 -6.806249999999977 22.034662356425088 18.794247434422402 22.543126400804567 24.045648112893105 18.0 25.46092441305518 1.0930662521404766 0.31986486255995145 1.1527700271255499
32.5 -6.699999999999989 21.97468392791052 26.58163832891688 22.53362412442806 23.955328479409218 35.0 25.539876386523247 1.058500509648122 2.863452022781 1.1273967440640973
32.75 -6.625 21.91252480003078 18.805626840806497 22.49991802315475 23.883785158395767 18.0 25.5920322611928 1.034569317347872 0.3219831971982151 1.106462170827936
33.0 -6.550000000000011 21.881643796530398 26.543019639413842 22.486198551600353 23.878443405032158 35.0 25.701515533030033 1.0300779621568636 2.8457382737720796 1.1037663335885435
33.25 -6.475000000000023 21.85607102840055 18.787145740264975 22.474070652476655 23.890447214245796 18.0 25.813228715211153 1.0322652562443848 0.3185793874156483 1.108104091801963
33.5 -6.399999999999977 21.831142184349744 26.365948496985936 22.457411683018336 23.919440925121307 35.0 25.928916674107313 1.0427762718313287 2.802801266941084 1.11992770984844
33.75 -6.324999999999989 21.788533315166205 18.739047525960586 22.415031852016966 23.931830540299416 18.0 26.002898229286075 1.0526140051321462 0.309696772097098 1.1285434450712943
34.0 -6.25 21.776384514384688 26.295803353318547 22.401889975871768 23.99782894551754 35.0 26.1462974678725 1.0739136450976305 2.8464004054777265 1.1501470116222816
34.25 -6.175000000000011 21.771827372134 18.69416036106486 22.403115086965386 24.058520302176476 18.0 26.276903109624982 1.090748981171325 0.3014030397547654 1.1703193150402014
34.5 -6.100000000000023 21.772498508035255 26.159213575806916 22.412208493428125 24.1105770021677 35.0 26.384558394551277 1.1028534159602255 2.8329890393627952 1.186391814376079
34.75 -6.064999999999998 21.798168650970354 18.66386435676918 22.437921998026354 24.205917179584503 18.0 26.524671126157045 1.120001927460614 0.2958054529360315 1.2047197356269537
35.0 -6.089999999999975 21.796196071230156 26.19513149900058 22.44946959979012 24.234583601355553 35.0 26.592063803225756 1.1261535609830757 2.8857035340432713 1.2160350804166717
35.25 -6.144999999999982 21.7951552997809 18.638257183159453 22.456421165414724 24.26847068965435 18.0 26.643140345811844 1.133973890388539 0.29107194159593164 1.226539855349284
35.5 -6.199999999999989 21.792001274845802 26.12965424442382 22.462571104500626 24.29877381026745 35.0 26.687392327934504 1.1414774077110674 2.8836828926775224 1.2373512867234617
35.75 -6.246015624999984 21.838172008604886 18.609977436671386 22.499432062898165 24.41974513232708 18.0 26.790141854435205 1.1681531474219078 0.2858429186724517 1.2610286447566343
36.0 -6.294375000000002 21.831675447783653 26.118654574376194 22.510690092483117 24.433049991726875 35.0 26.806557163596153 1.173192932509628 2.909957436153531 1.2731277677872979
36.25 -6.345546875000025 21.83683319487119 18.58270142002624 22.51747620874761 24.477324455976486 18.0 26.829122126102448 1.1845342083239976 0.2807987046824277 1.2845998042841973
36.5 -6.399999999999977 21.83469507949559 26.07613124256426 22.522372473420546 24.509924679994583 35.0 26.8566340431571 1.1942620735563017 2.92318554912958 1.2968580084736379
36.75 -6.459765624999989 21.901997405804764 18.551822981959106 22.569634654352228 24.67945258319378 18.0 26.980731584131718 1.2331011293109668 0.2750877104951826 1.3286407964902727
37.0 -6.528124999999989 21.89279367986404 26.078574208275654 22.578197320803497 24.688776522874832 35.0 26.979596078395844 1.239905046282902 2.964387882406027 1.3430117213750756
37.25 -6.607421875 21.907902435373444 18.521627079301652 22.58298477040256 24.754903614521027 18.0 26.994314208626747 1.2570991366611164 0.26950232357075826 1.355681207288686
37.5 -6.699999999999989 21.916999082043105 26.059824424046383 22.593562957997392 24.7951657474041 35.0 27.01555595546961 1.2660500496582665 2.9857351322742494 1.365612717401221
37.75 -6.8125 22.03127316200039 18.505371370619514 22.683947774259423 25.03001607209444 18.0 27.20770961791277 1.3110719672889755 0.2664941484645669 1.4027462251594254
38.0 -6.949999999999989 22.032990115557823 26.130348182002194 22.70743553826958 25.006944850087166 35.0 27.153323136270046 1.3024825111235914 3.021805902163359 1.4035406143212321
38.25 -7.112500000000011 22.07155508174486 18.502512037312272 22.717715923146784 25.074944481253624 18.0 27.11881034821272 1.3117708093704312 0.2659629356999017 1.4001686577061982
38.5 -7.300000000000011 22.0881263258363 26.170585065922012 22.723301267889326 25.104047119617462 35.0 27.1040952578187 1.313336922545808 3.0352380897728035 1.397605421856854
38.75 -7.5 22.24394104647604 18.495116634634826 22.820729035265288 25.435679391026497 18.0 27.339788883924484 1.3759018332753803 0.26459300381886774 1.4383943314347865
39.0 -7.699999999999989 22.23603099713904 26.19152570985068 22.823995160256118 25.412960790097713 35.0 27.27802611142397 1.3720471941264047 3.0558103160153354 1.4412845420762865
39.25 -7.899999999999977 22.282639420853798 18.472190265298025 22.811078925988795 25.54563193768263 18.0 27.268384762108326 1.402734465944383 0.26035192556857756 1.4475090105088824
39.5 -8.100000000000023 22.288618025483743 26.172714509999537 22.792393996125497 25.615549009293318 35.0 27.297083608806133 1.423082599712076 3.0930921700304084 1.4602006554027993
39.75 -8.300000000000011 22.438059511821564 18.426627012189613 22.868361446523636 26.0110119972378 18.0 27.58791556954384 1.512022977926129 0.25192474949938964 1.5216663011764673
40.0 -8.5 22.4141570440392 26.10717912678166 22.85090480586723 26.03036499209702 35.0 27.585145138204098 1.529470525003198 3.1434309795616797 1.546377843194237
40.25 -8.699999999999989 22.44554976882813 18.360655604242993 22.820766347024005 26.207018399611115 18.0 27.634118303656578 1.5803597136068859 0.23972404140725506 1.5729915525170937
40.5 -8.899999999999977 22.42600617413143 26.00376700586179 22.782235137036935 26.30185380578041 35.0 27.716404028236866 1.61675549995107 3.208031340832536 1.6052671892985262
40.75 -9.118749999999977 22.555404744814098 18.267809967531548 22.853519320830742 26.76015443354845 18.0 28.11834443360567 1.7307623632707214 0.2225553807527721 1.6978728560516938
41.0 -9.366666666666674 22.51111498949632 25.8556917371979 22.83490936485134 26.813146453350782 35.0 28.174499593675137 1.7614017733000924 3.286575192150254 1.7457373128830551
41.25 -9.631250000000023 22.51480081787406 18.173191541256926 22.80681520372616 26.994814325124025 18.0 28.249288700520992 1.8106384200377363 0.20505928964388662 1.7838135720973096
41.5 -9.899999999999977 22.47590343102172 25.733946685562273 22.780613056804782 27.08247473463416 35.0 28.337684370577335 1.8332300336905571 3.3555352127442535 1.816656133056731
41.75 -10.170019531249977 21.939823541076635 17.64357392806471 22.231832226959625 27.38333296403289 18.0 28.722074657678604 2.1119665898571727 0.3930043205368169 2.0900712514345705
42.0 -10.445052083333337 22.211515113843575 24.951981034534413 22.420495134618022 28.50696161389351 35.0 29.53517073392868 2.325854166421005 3.6105147794893115 2.2756370467090634
42.25 -10.722558593750023 22.1114551254542 17.505412115842717 22.450224012790272 28.378973081707954 18.0 29.377007007598877 2.3356745144296296 0.4779834352131652 2.3533665421764924
42.5 -11.0 22.090174670334875 24.92991758201356 22.399908839827788 28.550487264990807 35.0 29.157317996025085 2.3795839905804246 3.773365060573587 2.3847910813151283
42.75 -11.310253906250011 22.114083877448707 17.40214948171689 22.451318970237423 28.80188861489296 18.0 29.33696222305298 2.438783553244812 0.5414564241443459 2.4594666409112658
43.0 -11.650781250000023 22.065723892496635 24.897180860887488 22.42701840890288 28.841520234942436 35.0 29.211407840251923 2.460430559519792 3.8936923643127432 2.494588414778397
43.25 -11.965917968749977 22.02363079420917 17.30878198192289 22.386134459920015 28.906161606311798 18.0 29.101315081119537 2.4834367709247913 0.5988371037479546 2.5195090847855752
43.5 -12.199999999999989 21.98830789801235 24.875839822373734 22.351362194766352 28.952668324112892 35.0 29.02269071340561 2.504878977094579 3.9968061627242815 2.542702576712142
43.75 -12.256250000000023 21.945883135632187 17.233671570497677 22.294034996351115 28.919605031609535 18.0 28.86660674214363 2.517486418542789 0.6449754667210837 2.5498094652498393
44.0 -12.149999999999977 21.936544045876417 24.82496697446237 22.276489130311802 28.958444520831108 35.0 28.834275543689728 2.5380067024828787 4.052491918662556 2.5681459463259566
44.25 -11.993749999999977 21.938847678428942 17.18436935984107 22.27121488292488 28.987623155117035 18.0 28.80331176519394 2.5583609229355413 0.6752320047318335 2.5866952077674794
44.5 -11.899999999999977 21.94549125123433 24.809319194312877 22.26696640701192 29.01366999745369 35.0 28.765319377183914 2.57973580947093 4.1074211818905795 2.6048641426067705
44.75 -11.875 21.958682499220856 17.138739384961298 22.247072845504135 29.067546546459198 18.0 28.71751642227173 2.6060504054084763 0.7032461976591268 2.6174768691191623
45.0 -11.850000000000023 21.966378766615435 24.769010204555286 22.23530654162664 29.088699758052826 35.0 28.671350926160812 2.6298357191031116 4.1525602040561935 2.6354082860481953
45.25 -11.824999999999989 21.972346676734446 17.090810650675166 22.224760722162728 29.11004777252674 18.0 28.6166919991374 2.652716728918301 0.7326885909602321 2.654118361206567
45.5 -11.800000000000011 21.977285359826908 24.713382872566626 22.214424869118375 29.132683411240578 35.0 28.560019053518772 2.6751894976880286 4.189940548180077 2.6731317581946645
45.75 -11.756250000000023 21.983922486157667 17.045559570941407 22.188591799540916 29.171193584799767 18.0 28.49470081180334 2.6977582665456454 0.7604939682864512 2.683597871468534
46.0 -11.699999999999989 21.989936394253277 24.63912392321697 22.178181920623786 29.197799250483513 35.0 28.452460758388042 2.718418356055607 4.214928130319902 2.7008545600302574
46.25 -11.668749999999989 21.99477933978443 17.003810650806884 22.169223085916485 29.2247496843338 18.0 28.401681549847126 2.737953782178558 0.7861533109194996 2.7182857534002247
46.5 -11.699999999999989 21.997116342239792 24.56073531591261 22.158566247147235 29.25354504585266 35.0 28.348549000918865 2.7578016751257945 4.236829119806811 2.7364512500288867
46.75 -11.774999999999977 22.02030870699167 16.955331567113603 22.166085492731156 29.351923540234566 18.0 28.374505661427975 2.790291686898105 0.8159623877054056 2.7649717312807867
47.0 -11.850000000000023 22.022743901915305 24.46160786035159 22.15088648997653 29.388408422470093 35.0 28.308313719928265 2.8123457924114565 4.254953341693959 2.783569016514687
47.25 -11.925000000000011 22.023069283322457 16.90293285948451 22.138184210075224 29.429144769906998 18.0 28.256373547017574 2.8337736363826065 0.8481862913033206 2.8038780963115
47.5 -12.0 22.022950026653803 24.35195538442315 22.1261250744588 29.472344145178795 35.0 28.20696910470724 2.8550996500072494 4.268513236569821 2.824582750250693
47.75 -12.074999999999989 22.027163466800346 16.850762363886474 22.139743734158515 29.584385439753532 18.0 28.245803274214268 2.8775775026898445 0.8802750036909304 2.856431177093828
48.0 -12.149999999999977 22.033960357225396 24.243032074933865 22.129512855142764 29.6483284085989 35.0 28.192635767161846 2.90178782372096 4.282351695741891 2.8767012504832277
48.25 -12.225000000000023 22.03942263838161 16.799858954752153 22.123939621041472 29.708730474114418 18.0 28.15458232909441 2.9240513887100774 0.911586302025805 2.8986378601155556
48.5 -12.300000000000011 22.046550634043854 24.123092996169646 22.119656832658563 29.77290877699852 35.0 28.118050076067448 2.9464200850342177 4.287101446834006 2.920638975286831
48.75 -12.415624999999977 22.067742037258597 16.747813286595317 22.157817275219145 29.930938497185707 18.0 28.207090698182583 2.9777826502039697 0.9435993623517972 2.965092720971377
49.0 -12.574999999999989 22.076364644335 23.995456369407066 22.146564651903248 30.023036941885948 35.0 28.15712211281061 3.009506156304156 4.3008524641813795 2.99191038763382
49.25 -12.721875000000011 22.083197950613908 16.68105382758165 22.139273293118606 30.116805270314217 18.0 28.130542539060116 3.042182143793427 0.984667237019976 3.0232697973367606
49.5 -12.800000000000011 22.094846244717985 23.83534042564702 22.13353631780427 30.21820156276226 35.0 28.107789613306522 3.0771090336560634 4.308933267939227 3.0554186862421995
49.75 -12.799107142857167 22.101348132367832 16.619082766232907 22.122881737900343 30.341964974999428 18.0 28.090736381709576 3.104454323097204 1.0227873132756706 3.080045305457562
50.0 -12.764285714285734 22.136242650233953 23.687018041406418 22.127536306739216 30.465154364705086 35.0 28.093778245151043 3.1442221082283797 4.313866759330144 3.1099065124183842
50.25 -12.722321428571433 22.186264132465737 16.56851409644611 22.136352598360247 30.594303354620934 18.0 28.096003659069538 3.188348259511894 1.0538917149968494 3.139380864329514
50.5 -12.699999999999989 22.257591058102264 23.54769440244047 22.14892360222217 30.73265139758587 35.0 28.099086813628674 3.2391901167344144 4.312710655570671 3.1672371371426102
50.75 -12.697600446428567 22.27809318476784 16.525613276809167 22.15759061629467 31.09169489145279 18.0 28.159300662577152 3.2546488395343367 1.080281947790333 3.186639949295072
51.0 -12.697172619047592 22.409728275818168 23.38771768634996 22.1635148724514 31.281563103199005 35.0 28.163404189050198 3.333864130715969 4.289607931955873 3.2061093309750386
51.25 -12.698158482142844 22.54953102441209 16.484055712183306 22.172355176892722 31.44533735513687 18.0 28.164164401590824 3.4121308680724662 1.105847614556054 3.2274710453144233
51.5 -12.699999999999989 22.691522846425414 23.267228463303923 22.18035250260914 31.59731349349022 35.0 28.162580139935017 3.488883208250954 4.287508050016381 3.248470944434357
51.75 -12.763671875 22.74366964561557 16.44078912679464 22.189815066163987 31.940533876419067 18.0 28.240006558597088 3.5119720384170887 1.1324669217942003 3.2673117572640344
52.0 -12.876041666666652 22.84710826098683 23.11036323228933 22.18351011149508 32.03323218226433 35.0 28.236506439745426 3.572801899884085 4.269064240274416 3.2828342004047335
52.25 -12.925390624999977 22.9028677967313 16.391599895731872 22.17748519332531 32.02859541773796 18.0 28.224234364926815 3.6052727656205867 1.1627299710630041 3.2983094565199935
52.5 -12.800000000000011 22.92934374502272 22.997910773805415 22.17739876551167 31.958977073431015 35.0 28.215152598917484 3.6167621685011437 4.2683804327019645 3.309647901118138
52.75 -12.550000000000011 22.821607245868677 16.365921868722523 22.09056030562533 31.938198268413544 18.0 28.093276672065258 3.54480024170836 1.1785190760051207 3.263998695689554
53.0 -12.300000000000011 22.81056385823223 22.87123466379802 22.091297480325807 31.780242264270782 35.0 28.143611811101437 3.533908334438588 4.228032371268065 3.2626582152245587
53.25 -12.050000000000011 22.792095803235668 16.357292773401923 22.094277791874276 31.59385871887207 18.0 28.1620010510087 3.515229367780136 1.1838263202495516 3.259037609487749
53.5 -11.800000000000011 22.76634596341586 22.82480723457593 22.097267823597804 31.400989681482315 35.0 28.1713655218482 3.491335364244414 4.218783239851553 3.25294456854434
53.75 -11.550000000000011 22.499784516166244 16.3572618922596 21.94183561686839 30.986191779375076 18.0 28.011721901595592 3.3362232584228635 1.1838523820930773 3.1583645956657116
54.0 -11.300000000000011 22.386782600982315 22.745298810412237 21.915580782862946 30.666908845305443 35.0 28.082080952823162 3.280015337265475 4.183479533328432 3.138267930442582
54.25 -11.050000000000011 22.320613588917354 16.3605360799653 21.899336880857163 30.39855559170246 18.0 28.105571545660496 3.245770441440611 1.1818524393575094 3.121572169448738
54.5 -10.800000000000011 22.2747126884762 22.731646127758324 21.888712580250342 30.18023045361042 35.0 28.10966696590185 3.2142476369364177 4.173199662328744 3.1017705524052372
54.75 -10.703125 22.070610364510117 16.388102291559107 21.73896859067014 29.762081637978554 18.0 27.964875988662243 3.0807722179359804 1.1649133516611734 2.989206294870834
55.0 -10.725000000000023 21.959027320240295 22.742670388714487 21.708027762463075 29.41175715625286 35.0 27.99484320729971 2.995784258636842 4.122077306776253 2.936085223239219
55.25 -10.584375000000023 21.899573455094583 16.457444264047126 21.699700625455876 29.05989021062851 18.0 27.952297903597355 2.9196036931068874 1.122267235514013 2.875922026753979
55.5 -10.0 21.868357634136828 22.91995382434652 21.710368237513762 28.72254127264023 35.0 27.88965978473425 2.835022361111987 4.083462230733115 2.803328400256056
55.75 -8.78453947368422 22.066364345081695 17.08783040712268 21.58029646640466 27.37984449788928 18.0 26.52381870523095 2.360564648134269 0.7341233768169991 2.1456970825857615
56.0 -7.125438596491222 21.53243574518541 23.77885349896502 21.375709679746535 25.805339388549328 35.0 26.331114389002323 1.9374191737663802 3.7522008004180987 1.8809797995460464
56.25 -5.303618421052647 21.230903907710683 17.379808140139573 21.44017227572101 25.186605036258698 18.0 26.781612388789654 1.6451243016418897 0.5545852963188126 1.753865444805024
56.5 -3.6000000000000227 21.168790128929572 24.092302225886783 21.58775828025341 24.780120328068733 35.0 27.25587836652994 1.4621921297916853 3.491234562908693 1.6438626550113993
56.75 -2.0497018914473415 20.721050606917117 17.685708489205297 21.279813016445814 23.2184806317091 18.0 26.187421837821603 1.086866077178924 0.366330327250579 1.2852299187024798
57.0 -0.5000822368421041 20.577992156853895 24.544524144773902 21.248498934422287 22.673063471913338 35.0 26.32326090708375 0.8490934116319745 3.190793760699209 1.0754597197064353
57.25 1.0495785361841854 20.570965115116735 18.050625099286435 21.3499355821898 22.254791796207428 18.0 26.72114224359393 0.6774680566445237 0.18247725273899248 0.9245054687149774
57.5 2.6000000000000227 20.607220046040084 25.194999842909567 21.549774748720267 21.894873082637787 35.0 27.083975590765476 0.5253040379494337 2.942669434476645 0.7969990069543528
57.75 4.269335937499989 19.93419846866425 18.49924061152143 21.46552516164934 20.13578736782074 18.0 25.675810545682907 0.13523847313862733 0.2654052952786976 0.5549826342504595
58.0 6.02552083333336 20.222773135120633 25.804111367480687 21.503118288344922 20.198881208896637 35.0 25.215117946267128 0.03807388921333651 2.5635063617589475 0.36258184214122313
58.25 7.643945312500023 20.130190172120706 19.00468950831703 21.697319286763673 19.43607771396637 18.0 25.135947927832603 0.12133012044865966 0.35888561341961916 0.22891933162126504
58.5 8.899999999999977 20.504424159687574 26.535128359588214 22.018533671830994 19.573209315538406 35.0 24.977169647812843 0.14442837825715277 2.2597307959463557 0.1411441478281441
58.75 9.653025265957467 20.031003422952722 19.515373176556352 22.37345269043044 18.26151716709137 18.0 23.92762365937233 0.29067447155051834 0.4533633657379517 0.07589855197130642
59.0 10.049734042553212 20.679942959193 27.200954904093066 22.68837649155182 18.908999383449554 35.0 22.60062086582184 0.2549507689864595 2.03659833756427 0.0019117166651687577
59.25 10.296575797872322 20.28670156862779 19.96473831114747 22.851007290297616 18.0 18.0 21.056055933237076 0.398372466975852 0.5365078920501398 0.04691193539367409
59.5 10.600000000000023 20.786930551523824 27.824621373244952 22.821157028064704 18.30223324894905 35.0 19.539492964744568 0.37370343037770065 1.8635072196827174 0.11535286394279941
59.75 11.000147992450252 20.637324879003643 20.393362930961246 22.58247356470025 18.0 18.0 18.000401258468628 0.48371927640343215 0.6158194374052475 0.20933667533930045
60.0 11.399862731640383 20.895026565047147 28.390153206946422 22.841165073681395 18.0 35.0 18.0 0.49576355841474273 1.7167723731797588 0.23011058609219737
60.25 11.79964610501031 20.988404872135334 20.81370545459589 22.918174889947863 18.0 18.0 18.0 0.5566660169081263 0.6935948443401255 0.2820252203199366
60.5 12.199999999999989 21.15488609046406 28.948957363388615 22.996354085602206 18.0 35.0 18.0 0.5949448228729641 1.5936483184630075 0.3315131233886431
60.75 12.752016129032256 21.24492911894032 21.22471611330718 22.943669141573196 18.0 18.0 18.0 0.6556693415015862 0.7696324343528015 0.39872486938741536
61.0 13.412903225806417 21.38759478839569 29.474530202955634 22.99286810175721 18.0 35.0 18.0 0.6944949930074028 1.4783145202710657 0.4462093746901503
61.25 13.892338709677404 21.484316434419384 21.589319384355633 23.017621727017115 18.0 18.0 18.0 0.7347036637813897 0.8370724795235769 0.48924404919364717
61.5 13.899999999999977 21.559768304078204 29.894486148295584 23.00410276124728 18.0 35.0 18.0 0.7565261993465578 1.4009545113970256 0.5216789063567628
61.75 13.574999999999989 21.73404397782707 21.784280779699202 23.083846551557713 18.0 18.0 18.0 0.7196469368768954 0.8731179074601396 0.5218351450728052
62.0 13.25 21.747749625004644 30.1404257828122 23.065448222868213 18.0 35.0 18.0 0.721446676817834 1.3933105441514189 0.5285358691007406
62.25 12.925000000000011 21.79189316722983 21.831038479678057 23.0370389968989 18.0 18.0 18.0 0.6976547736285117 0.8817634580003396 0.526330539190246
62.5 12.600000000000023 21.793513430208293 30.19027358245569 23.00173281758498 18.0 35.0 18.0 0.6738461608930172 1.4120843157207257 0.5156106784627755
62.75 12.274999999999977 21.93485814288738 21.754056589239724 23.086437380466293 18.0 18.0 18.0 0.6016752445699468 0.8675254364426176 0.4766314856010478
63.0 11.949999999999989 21.891716379757725 30.05230766892646 23.061616347810627 18.0 35.0 18.0 0.5754455858844066 1.4821675204160742 0.45249200745424195
63.25 11.625 21.900785512969776 21.602583632901542 23.01889459517139 18.0 18.0 18.0 0.5325036001332341 0.8395049835034869 0.4249907937745697
63.5 11.300000000000011 21.86110553967336 29.79425719335842 22.96529611970118 18.0 35.0 18.0 0.4942917932893254 1.5762191676558 0.39427949373624605
63.75 10.975000000000023 21.929816446202096 21.414127786670292 23.053328608411164 18.0 18.0 18.0 0.4353571094910712 0.8046434719117805 0.34303300558437333
64.0 10.649999999999977 21.870371321288985 29.521831299458427 23.010089851879513 18.0 35.0 18.0 0.40625244812569045 1.6783214100819328 0.31591878315403327
64.25 10.324999999999989 21.829835469040574 21.229497971375963 22.966261267264713 18.0 18.0 18.0 0.3752620479645241 0.7704924630679985 0.28990563104971784
64.5 10.0 21.762282342532387 29.276549515307636 22.92023660917397 18.0 35.0 18.0 0.35226112827430334 1.765497058600253 0.2669073426414862
64.75 9.6025390625 21.991352916364406 21.063848683603737 23.16798752754255 18.636903077363968 18.0 18.433212220668793 0.2893208162836564 0.7398573054645442 0.2072275339644956
65.0 9.098437499999989 21.70464303659503 29.08054069014605 22.928698743593316 18.33582243323326 35.0 18.0655500292778 0.3049072506232982 1.8503458908971724 0.21633812516332848
65.25 8.545117187500011 21.913894702370044 20.913158467046003 23.031032280322904 18.976401686668396 18.0 18.489087462425232 0.24737672633517363 0.7119898806959919 0.17708436722569687
65.5 8.0 21.60601047284115 28.909032850115523 22.88742012284365 18.6130388379097 35.0 18.424255341291428 0.2686815988051283 1.9179729792419444 0.17500555782897378
65.75 7.476367187499989 21.449005211052167 20.359068819765582 22.334250479175807 20.02423194050789 18.0 19.568302005529404 0.12313100543898671 0.6093298417963817 0.08575496570626166
66.0 6.950520833333314 21.52885261321029 28.17987041316468 22.557004471502637 20.679812282323837 35.0 21.45694050192833 0.08462000371062528 2.240539006244586 0.02014565321924667
66.25 6.424414062499977 21.383700205998366 20.16918730482041 22.44804774965786 20.65852126479149 18.0 21.77068156003952 0.08056170645029911 0.5741281564242118 0.013460868504811046
66.5 5.899999999999977 21.40790315463704 28.153322926176315 22.31890000899881 21.00610888004303 35.0 22.06414183974266 0.053058737960153084 2.405105560824622 0.005398522311018276
66.75 5.361328125 21.585299801144174 20.01644640183349 22.28754120075348 21.665133863687515 18.0 23.030309915542603 0.044013853321950465 0.5458278793203235 0.04799825246873359
67.0 4.819791666666674 21.44286926718422 28.136715192568147 22.208160489217732 21.547901034355164 35.0 23.43743121623993 0.05569812520109595 2.546945908149492 0.08967534665243862
67.25 4.318359375 21.48747750831558 19.87564172941302 22.117218203265907 21.88162851333618 18.0 23.69820463657379 0.14591356845259296 0.5197584484752713 0.12906037334402495
67.5 3.8999999999999773 21.42325546821729 28.0869409677652 22.033212736641985 21.939154386520386 35.0 23.922948896884918 0.18735996514793662 2.6615953179967007 0.16879270486143497
67.75 3.6019531250000227 21.56938114705258 19.750221927700636 22.013674866854387 22.46559663116932 18.0 24.416840568184853 0.3097492149975275 0.49654751471735414 0.23050506810604732
68.0 3.39270833333336 21.504635422878437 28.03559420916372 21.990760402144588 22.465827152132988 35.0 24.65817005187273 0.3365589232315747 2.7563744438951456 0.2826711428656588
68.25 3.2121093750000114 21.52941832695177 19.63979629923989 21.958537026345027 22.690980777144432 18.0 24.809827134013176 0.39962082317855185 0.47611774506123106 0.3275314765251546
68.5 3.0 21.4999412026923 27.969837457780613 21.922364743499998 22.77536867558956 35.0 24.941953390836716 0.43727820377708343 2.834073877472322 0.36915105427736805
68.75 2.7507812499999886 21.58912443462225 19.533434067097403 21.94530258392234 23.117291808128357 18.0 25.331062644720078 0.5209119380360115 0.456443373168406 0.4339507294837547
69.0 2.5 21.549792899670024 27.890256221229208 21.95273969506883 23.160511195659637 35.0 25.475237295031548 0.5501002998167893 2.902445121195788 0.4869487059427707
69.25 2.2492187500000114 21.553164453633883 19.42970082757131 21.939218141896106 23.323795780539513 18.0 25.539028335362673 0.5975256251217627 0.4372583389229743 0.530427266163947
69.5 2.0 21.531040642802623 27.800070649085797 21.916289209631145 23.423039361834526 35.0 25.59772251918912 0.6338979652729114 2.963614381527211 0.5701005817728871
69.75 1.7105468749999773 21.591635480951766 19.327284107452215 21.9508793282522 23.700730487704277 18.0 25.883673831820488 0.7048494910000955 0.4183192622703707 0.6339365497919269
70.0 1.4010416666666856 21.560579530673465 27.688994850740528 21.95236437977576 23.775368362665176 35.0 25.95606742054224 0.7382338117613851 3.0194243797210576 0.684121642907027
70.25 1.166015625 21.550377989449544 19.22158703268053 21.93436075622901 23.920424312353134 18.0 25.98488719575107 0.7810453452611413 0.39877610965173427 0.7262467037150911
70.5 1.1000000000000227 21.536119706040324 27.572937341080944 21.917630296138327 24.038627609610558 35.0 26.028992790728807 0.8171527815227015 3.0700746936735057 0.7645516096474883
70.75 1.1499999999999773 21.506456238313092 19.1337263341577 21.89479342909118 24.086751267313957 18.0 26.035597691312432 0.8408555132920283 0.3825361259488266 0.7936131185639651
71.0 1.1999999999999886 21.499807173889167 27.4508909239662 21.882527634739233 24.205805718898773 35.0 26.109856821596622 0.870953932692079 3.096155140476427 0.8241547726191181
71.25 1.25 21.495837959108712 19.0591417095157 21.876691415147434 24.320743218064308 18.0 26.194327302277088 0.8992915710096039 0.3687476536499532 0.8547019578793374
71.5 1.3000000000000114 21.495503777336808 27.347342914993078 21.873649979012328 24.44022147357464 35.0 26.274332167580724 0.9269029400582417 3.1203565610215014 0.8840833999439879
71.75 1.3500000000000227 21.542087625921 18.991023858101528 21.875673559427923 24.657172352075577 18.0 26.322555031627417 0.972362529210846 0.35615383009491974 0.9138408649177828
