err a0
0.1491491725350329 0.7312444448471069
-0.025965090529609824 0.19700177013874054
-0.518424071609445 0.04146242141723633
-0.6978411256079085 0.03153625875711441
-0.7128366130601194 0.05473536252975464
-0.6957908188103374 0.07060563564300537
-0.6755721913565367 0.08091758191585541
-0.6519667730153174 0.0883873850107193
-0.6373251101916253 0.09106451272964478
-0.6228088516251091 0.09346739947795868
-0.6074573927148208 0.09585554897785187
-0.5943718404711831 0.10840016603469849
-0.5788637052471586 0.11400929093360901
-0.5616164739258807 0.11706848442554474
-0.5440479271188678 0.11884693801403046
-0.5155550201123447 0.13480418920516968
-0.505697350868445 0.13761910796165466
-0.502809499470402 0.1359785944223404
-0.49795334531881963 0.1337103247642517
-0.5606287189507952 0.12351778149604797
-0.5704621980874549 0.1284281462430954
-0.5679513510750667 0.13264618813991547
-0.5658378824613806 0.13439540565013885
-0.6832524420903496 0.12169031798839569
-0.7281925637751101 0.12739047408103943
-0.7472663872817407 0.13178662955760956
-0.7121908386301925 0.1318102926015854
-0.6885039589442954 0.11369745433330536
-0.5897424249109804 0.09356614947319031
-0.5580968246451903 0.05939686298370361
-0.5528985853620156 0.028329141438007355
-0.15094304541241854 -0.07238432765007019
-0.30567659252642443 -0.15673251450061798
-0.26765180599721816 -0.15955331921577454
-0.1457037488150945 -0.149593323469162
-0.16135832950612894 -0.24398790299892426
-0.009382896933004758 -0.2826763391494751
0.2702118166230889 -0.32155799865722656
0.604940701732744 -0.3890950083732605
0.6509650447566742 -0.6141067147254944
0.6669326485083502 -0.784696102142334
0.6843310393335287 -0.9146918654441833
0.7355844769495548 -1.0
0.8608486743019625 -1.0
0.8812896116988895 -1.0
0.8846339392773643 -1.0
0.8958766253336421 -1.0
0.8902579637997405 -1.0
0.893812966050973 -1.0
0.8995383071262495 -1.0
0.9091014616342363 -1.0
0.8915964048058527 -1.0
0.89595887126967 -1.0
0.9015449547021035 -1.0
0.9011112146195615 -1.0
0.9239124316650305 -1.0
0.9182905877050871 -1.0
0.9065405396493702 -1.0
0.8961161535730184 -1.0
0.9262175299361957 -1.0
0.9297806390215442 -1.0
0.9274952404351211 -1.0
0.9080367277921368 -1.0
0.9303301994449953 -1.0
0.9162032115104353 -1.0
0.8990494875681634 -1.0
0.8756505440945261 -1.0
0.9684658300003548 -1.0
0.9511667462535343 -1.0
0.9253206568820929 -1.0
0.8913166166530004 -1.0
0.3221264181549941 -1.0
0.7836038891108501 -0.9064887762069702
0.45428535608851917 -0.9848363399505615
0.5586840036388026 -0.9232598543167114
0.6189028092117042 -0.8447571396827698
0.5098175361134167 -0.8236265778541565
0.4448232342194274 -0.7867613434791565
0.3667858367415988 -0.7545842528343201
0.3781140635603606 -0.6743459105491638
0.3037960891832654 -0.6392884254455566
0.23670073369277134 -0.6041976809501648
0.17136627369143298 -0.5703924298286438
0.1869823711247136 -0.4938254952430725
0.14662014735017692 -0.45607686042785645
0.09625824091494906 -0.4247925877571106
0.04120890763829266 -0.398074746131897
0.07077224519559877 -0.3396327495574951
0.05388936097182295 -0.3148134648799896
0.024794350194383696 -0.29550838470458984
-0.012770264028972633 -0.2783586382865906
0.13091573934792677 -0.19742175936698914
0.12750138424320312 -0.18750277161598206
0.07926193413663896 -0.1836930513381958
0.021771208886832483 -0.17861691117286682
0.18859629584881077 -0.10610821843147278
0.17836572385999716 -0.10729438066482544
0.13492986644689609 -0.10875000804662704
0.08472608320784047 -0.10800588876008987
0.2910138388422183 -0.04075125977396965
0.2628747090509478 -0.04946528747677803
0.21548490862630842 -0.05300392955541611
0.1697009793196571 -0.05395906791090965
0.224192485103913 -0.034115903079509735
0.2188543351478529 -0.03364592790603638
0.217958497101165 -0.02994968369603157
0.21390149187027419 -0.026057451963424683
0.29008347524859346 -0.0012334957718849182
0.282399374177146 -0.001430898904800415
0.2710498244718451 -0.00027139484882354736
0.2541508065889957 0.0004808083176612854
0.3346585629759602 0.024059034883975983
0.31625241264066517 0.020650506019592285
0.2911973011723603 0.017999760806560516
0.26340758132840847 0.015034422278404236
0.18016031328181725 0.0011869966983795166
0.15738698980078425 0.0020994842052459717
0.13785660149306977 0.0030539408326148987
0.11392671258374776 0.0038962215185165405
0.04141914838174898 -0.003584146499633789
-0.00692598856380755 -0.004395782947540283
-0.05589720719177649 -0.006248198449611664
-0.0791340953156805 -0.008803032338619232
-0.0750598885188083 -0.022470273077487946
-0.07321963425823697 -0.037210650742053986
-0.12150009012646024 -0.052811745554208755
-0.19185304914526569 -0.06300695240497589
0.2761973244612932 -0.0813707709312439
0.030444057885461007 -0.13973155617713928
0.04312640080456731 -0.12224418669939041
0.03362412442805862 -0.1129557192325592
-8.197684525157456e-05 -0.10681973397731781
-0.013801448399647143 -0.09393934905529022
-0.02592934752334486 -0.08079662173986435
-0.04258831698166432 -0.06718627363443375
-0.08496814798303376 -0.05848256126046181
-0.098110024128232 -0.041612062603235245
-0.09688491303461433 -0.02624669298529625
-0.08779150657187529 -0.01358136534690857
-0.06207800197364577 0.002902485430240631
-0.050530400209879645 0.010831035673618317
-0.04357883458527567 0.016840040683746338
-0.03742889549937445 0.022046156227588654
-0.0005679371018345591 0.034134335815906525
0.010690092483116587 0.03606554865837097
0.01747620874760969 0.03872025012969971
0.022372473420546157 0.04195694625377655
0.06963465435222815 0.05655665695667267
0.07819732080349695 0.056423068046569824
0.08298477040256103 0.05815461277961731
0.093562957997392 0.06065364181995392
0.18394777425942266 0.0832599550485611
0.2074355382695785 0.07686154544353485
0.217715923146784 0.07280121743679047
0.22330126788932603 0.07107003033161163
0.3207290352652876 0.09879869222640991
0.32399516025611774 0.09153248369693756
0.31107892598879516 0.09039820730686188
0.2923939961254973 0.09377454221248627
0.368361446523636 0.12799006700515747
0.3509048058672306 0.12766413390636444
0.32076634702400497 0.13342568278312683
0.2822351370369347 0.1431063562631607
0.3535193208307419 0.19039346277713776
0.3349093648513417 0.1969999521970749
0.3068152037261598 0.2057986706495285
0.280613056804782 0.2161981612443924
-0.26816777304037487 0.2614205479621887
-0.07950486538197765 0.3570789098739624
-0.049775987209727646 0.3384714126586914
-0.10009116017221231 0.3126256465911865
-0.0486810297625766 0.33376026153564453
-0.07298159109711833 0.3189891576766968
-0.11386554007998484 0.3060370683670044
-0.14863780523364767 0.2967871427536011
-0.2059650036488847 0.27842432260513306
-0.223510869688198 0.2746206521987915
-0.22878511707511962 0.27097785472869873
-0.2330335929880789 0.26650816202163696
-0.25292715449586467 0.26088428497314453
-0.2646934583733582 0.25545305013656616
-0.2752392778372723 0.24902258813381195
-0.2855751308816252 0.24235518276691437
-0.31140820045908413 0.23467068374156952
-0.3218180793762144 0.22970126569271088
-0.33077691408351484 0.2237272411584854
-0.34143375285276534 0.21747635304927826
-0.33391450726884386 0.22053007781505585
-0.34911351002347146 0.21274279057979584
-0.36181578992477625 0.20663218200206757
-0.3738749255412017 0.20081989467144012
-0.3602562658414854 0.2053886204957962
-0.3704871448572362 0.19913361966609955
-0.3760603789585275 0.19465674459934235
-0.3803431673414366 0.19035883247852325
-0.3421827247808551 0.20083419978618622
-0.3534353480967525 0.19495554268360138
-0.36072670688139397 0.19182853400707245
-0.3664636821957288 0.18915171921253204
-0.37711826209965693 0.18714545667171478
-0.37246369326078366 0.18750332295894623
-0.36364740163975284 0.18776513636112213
-0.35107639777783106 0.18812786042690277
-0.3424093837053306 0.19521184265613556
-0.33648512754859894 0.19569461047649384
-0.3276448231072777 0.1957840472459793
-0.31964749739086074 0.19559766352176666
-0.31018493383601253 0.20470665395259857
-0.3164898885049183 0.20429487526416779
-0.3225148066746897 0.2028511017560959
-0.32260123448833156 0.20178265869617462
-0.40943969437466876 0.1874443143606186
-0.40870251967419335 0.19336609542369843
-0.4057222081257237 0.1955295354127884
-0.4027321764021963 0.19663123786449432
-0.5581643831316114 0.1778496354818344
-0.5844192171370537 0.186127170920372
-0.6006631191428369 0.18889077007770538
-0.6112874197496581 0.18937258422374725
-0.7610314093298598 0.1723383516073227
-0.7919722375369247 0.17586390674114227
-0.8002993745441245 0.17085857689380646
-0.7896317624862377 0.16348938643932343
-0.9197035335953387 0.0028022006154060364
-1.1242903202534649 -0.019868895411491394
-1.059827724278989 0.03313086926937103
-0.9122417197465893 0.08892686665058136
-1.2201869835541856 -0.03677390143275261
-1.2515010655777132 -0.02079283446073532
-1.1500644178101993 0.026016734540462494
-0.9502252512797327 0.06870301067829132
-1.0344748383506612 -0.09696346521377563
-0.9968817116550781 -0.15116259455680847
-0.8026807132363274 -0.1604767143726349
-0.4814663281690059 -0.17915651202201843
-0.12654730956955973 -0.30263251066207886
0.18837649155182135 -0.45875048637390137
0.35100729029761624 -0.6404640078544617
0.3211570280647038 -0.8188831806182861
0.08247356470025125 -0.9999527931213379
0.34116507368139537 -1.0
0.41817488994786345 -1.0
0.4963540856022064 -1.0
0.4436691415731957 -1.0
0.4928681017572103 -1.0
0.5176217270171151 -1.0
0.5041027612472817 -1.0
0.5838465515577127 -1.0
0.5654482228682127 -1.0
0.5370389968989002 -1.0
0.5017328175849798 -1.0
0.5864373804662932 -1.0
0.5616163478106273 -1.0
0.518894595171389 -1.0
0.4652961197011791 -1.0
0.5533286084111637 -1.0
0.5100898518795134 -1.0
0.46626126726471284 -1.0
0.4202366091739691 -1.0
0.6679875275425502 -0.9490338563919067
0.4286987435933156 -0.9922882318496704
0.5310322803229042 -0.942460298538208
0.38742012284365046 -0.9500876069068909
-0.1657495208241926 -0.8154938817024231
0.05700447150263699 -0.5933011174201965
-0.051952250342139905 -0.5563904047012329
-0.18109999100119012 -0.5218656659126282
-0.21245879924651945 -0.40819883346557617
-0.29183951078226755 -0.360302209854126
-0.3827817967340934 -0.3296229839324951
-0.46678726335801457 -0.3031824827194214
-0.48632513314561265 -0.24507758021354675
-0.5092395978554123 -0.21668587625026703
-0.5414629736549728 -0.19884386658668518
-0.5776352565000025 -0.18329960107803345
-0.5546974160776585 -0.13752204179763794
-0.5472603049311715 -0.12056031823158264
-0.5607818581038941 -0.11305548995733261
-0.5837107903688548 -0.10615029186010361
-0.5491206717478008 -0.07250896096229553
-0.5476356202242414 -0.06399206817150116
-0.5656392437709883 -0.060601506382226944
-0.5823697038616729 -0.05541261285543442
-0.6052065709088197 -0.05463556572794914
-0.6174723652607668 -0.045899197459220886
-0.6233085848525661 -0.035961493849754333
-0.6263500209876725 -0.02654915675520897
-0.6243264405720765 -0.020875878632068634
-0.6234266125201771 -0.014059223234653473
-0.6211735403558123 -0.0066206082701683044
-0.6183059215087496 0.0009815618395805359
-0.6125791965700955 0.0053065866231918335
-0.6072010502277863 0.011633031070232391
-0.6000667780181743 0.018891550600528717
-0.5914772851455155 0.02643445134162903
-0.4596137773733062 0.06945158541202545
-0.4149902570628683 0.0729372501373291
-0.41886839065011827 0.06674501299858093
-0.4359730386955789 0.060212597250938416
-0.3540021692919595 0.09671807289123535
-0.32342290855365263 0.0994730144739151
-0.32077514219810155 0.09449034929275513
-0.3290888910067338 0.08896128833293915
-0.22885451420143 0.12818637490272522
-0.20757760616572796 0.12630246579647064
-0.22347904558864684 0.11399975419044495
-0.24171389979784408 0.10271887481212616
-0.373094318041467 0.07377742230892181
-0.40376836183577325 0.07783478498458862
-0.3978133541943407 0.08674202859401703
-0.38547414380576583 0.09395045042037964
-0.5329188191975618 0.07295587658882141
-0.5910574899409653 0.07993073761463165
-0.6104101583107422 0.08839689195156097
-0.5703607134126969 0.0921875536441803
-0.579115147658797 0.06193448603153229
-0.5025592938882824 0.042551785707473755
-0.48524973558517104 0.015615031123161316
-0.49960255225647643 -0.008231528103351593
0.03338448997629939 -0.09469939768314362
-0.1303895009207281 -0.19911861419677734
-0.15123279880657492 -0.21634000539779663
-0.0586228497124921 -0.2087576687335968
-0.011980757368689865 -0.28983551263809204
0.1455438187098821 -0.33761894702911377
0.3751964774410226 -0.3891018033027649
0.6368348586856314 -0.4614120125770569
0.5905134466435698 -0.6688964366912842
0.5762863556496995 -0.8056595921516418
0.5900798612901781 -0.9013645052909851
0.5715614646452423 -0.9791518449783325
0.6369021793836964 -1.0
0.6619977414149503 -1.0
0.663089164785049 -1.0
0.673564473523868 -1.0
0.6791053052306211 -1.0
0.6834183258553139 -1.0
0.6851650091349484 -1.0
0.6831880494187317 -1.0
0.6618682047856055 -1.0
0.6661335129635404 -1.0
0.6719401612173215 -1.0
0.6770738977646715 -1.0
0.7919918741683318 -1.0
0.7916126714002871 -1.0
0.7796014136753229 -1.0
0.7593609683881937 -1.0
0.8397783019604503 -1.0
0.8244762839848931 -1.0
0.7995872907308694 -1.0
0.7641792698792642 -1.0
0.8317017506457773 -1.0
0.7778615238619864 -1.0
0.7295311034962424 -1.0
0.6666721769375954 -1.0
0.7947783182441981 -0.9450644254684448
0.654995067362222 -0.9533222913742065
0.6989767663745852 -0.9146641492843628
0.6228481537096968 -0.9085423946380615
-0.030423836477382338 -0.8336873650550842
0.27034136938533493 -0.6101416945457458
0.15557778822415003 -0.5915734171867371
0.04993744681667067 -0.5604724884033203
0.006451474187144868 -0.4904806613922119
-0.06928785797725823 -0.4533306360244751
-0.1517075512497854 -0.4237603545188904
-0.23543564264718952 -0.3961676359176636
-0.2572269806763643 -0.32706010341644287
-0.29927549423200617 -0.2929762303829193
-0.34759093031971133 -0.26885950565338135
-0.39508880459379725 -0.24774250388145447
-0.3833755941544723 -0.19442343711853027
-0.38952160112557976 -0.17145390808582306
-0.41137290927906633 -0.15814068913459778
-0.43935205102928876 -0.14660558104515076
-0.4029023401515701 -0.10440266132354736
-0.39446976962062763 -0.09146134555339813
-0.4081905105629744 -0.08599913865327835
-0.4305098263189393 -0.08056103438138962
-0.5057065538596248 -0.09549907594919205
-0.527863745084403 -0.08633404970169067
-0.5186143009204329 -0.07186786085367203
-0.5030042919821653 -0.057963017374277115
-0.5379428470838548 -0.06448394060134888
-0.5478054067780818 -0.053958334028720856
-0.5437120626891101 -0.040374550968408585
-0.5345100520017354 -0.027197133749723434
-0.5554904305989226 -0.030090413987636566
-0.5571593961842041 -0.019084490835666656
-0.5512547541239883 -0.0046982839703559875
-0.5467425648089943 0.0092388316988945
-0.46293984442667124 0.047175705432891846
-0.42942625812867163 0.055622950196266174
-0.4283752066017996 0.05536621809005737
-0.43888888187893826 0.05382242798805237
-0.37996500927465604 0.08509230613708496
-0.34649388644618284 0.09028351306915283
-0.33531649118339146 0.08694632351398468
-0.3347792739788247 0.08189927041530609
-0.2736039666858687 0.10651251673698425
-0.25194416280595533 0.105801522731781
-0.25387351608691233 0.09729349613189697
-0.26068015364757 0.08847203850746155
-0.36417100798331603 0.06252148747444153
-0.40260777522394164 0.06245613098144531
-0.4101558767466713 0.06895744800567627
-0.4066841345024841 0.07543778419494629
-0.5229648560821261 0.05689099431037903
-0.5751903619499217 0.06059443950653076
-0.5901866401961797 0.06641529500484467
-0.5033502885366374 0.06784969568252563
-0.4148634520567498 0.03281806409358978
-0.24140609971277627 -0.0018309354782104492
-0.16995136065719407 -0.04935956001281738
-0.21871287903474013 -0.09265271574258804
0.5178416870089109 -0.14675018191337585
0.35817442658822074 -0.27269548177719116
0.4361059174055413 -0.31351232528686523
0.6341695890386063 -0.3478604555130005
0.8092721009828097 -0.4399659037590027
1.0122357779996491 -0.5340176820755005
1.1474196456600225 -0.6456342339515686
1.2139678650053725 -0.7608403563499451
1.0015815325801896 -0.9179462790489197
1.07660501606739 -0.9845319390296936
1.1801638741256966 -1.0
1.2568866639587668 -1.0
1.2234473694495591 -1.0
1.249482931340026 -1.0
1.264862479862984 -1.0
1.2781041946504388 -1.0
1.2292925944872763 -1.0
1.2301754074812834 -1.0
1.230763916867545 -1.0
1.2316876673863248 -1.0
1.193251157528607 -1.0
1.1944094008557613 -1.0
1.2034634238370359 -1.0
1.212014184817349 -1.0
1.3154056853116458 -1.0
1.3234177384082386 -1.0
1.3081223119977494 -1.0
1.2883127814560567 -1.0
1.3632097975765873 -1.0
1.3675264059713754 -1.0
1.3505998861852504 -1.0
1.3267272119869062 -1.0
1.4079085961885767 -1.0
1.3959536663511471 -1.0
1.368709678291225 -1.0
1.3257130441932645 -1.0
1.322811964108837 -1.0
1.2913028948369742 -1.0
1.272753170953365 -1.0
1.2465546147623172 -1.0
0.6379450452724313 -1.0
1.1306580689910675 -0.8939411640167236
0.7630860182754304 -0.9771853685379028
0.9074838577540731 -0.9062523245811462
0.8204946552668275 -0.8809210658073425
0.7730946497218838 -0.8461251258850098
0.7030440380340224 -0.8188459277153015
0.6397772294154151 -0.7890142798423767
0.7730194985475123 -0.6612530946731567
0.6547455710500003 -0.634349524974823
0.5469229774540736 -0.5981841087341309
0.4403286106650057 -0.5623521208763123
0.5127775818513101 -0.4486757516860962
0.4528746374140269 -0.40965038537979126
0.3785752187250182 -0.37780624628067017
0.30054554063491423 -0.35099947452545166
0.40697584002100484 -0.2466854453086853
0.37539283522073674 -0.2250177562236786
0.31865598397052963 -0.211650088429451
0.26322155858889573 -0.19907474517822266
0.25919472393712795 -0.17129912972450256
0.23549648939109602 -0.15821808576583862
0.21472572066670637 -0.14526823163032532
0.1926545015261354 -0.13304269313812256
0.21125200213566586 -0.10335972905158997
0.18936350778881206 -0.09448109567165375
0.16420698141087087 -0.08655763417482376
0.13988699059837018 -0.07895668596029282
0.1654557521368929 -0.05296093225479126
0.14805623161527137 -0.046905890107154846
0.1266963134862067 -0.041840024292469025
0.1088239063174683 -0.03622373193502426
0.044479530055809846 -0.040520232170820236
0.03479073438791147 -0.030069705098867416
0.03968627904833966 -0.019412286579608917
0.04913452183592426 -0.00937853753566742
0.0025328334719461054 -0.004326432943344116
-0.005259513949340544 0.007840178906917572
-0.00017349427844237653 0.018482215702533722
0.009453251575052946 0.027159929275512695
-0.021402133627589137 0.03600306808948517
-0.03053743310107393 0.04552435874938965
-0.03186742337300075 0.05153569579124451
-0.026145368285654058 0.05536279082298279
-0.1195945433628367 0.042977988719940186
-0.14479832457033126 0.05116984248161316
-0.1472327901128665 0.05981552600860596
-0.1456218558805631 0.0652572363615036
-0.2960309605421685 0.04612766206264496
-0.3604588523457437 0.05340836942195892
-0.3861872283977732 0.062116608023643494
-0.3647003590143072 0.06603741645812988
-0.40589626086506314 0.043058887124061584
-0.39455382256983285 0.0286216139793396
-0.39899754648877206 0.008629389107227325
-0.4009376447513091 -0.01111389696598053
0.10047029373873784 -0.12205853313207626
-0.05736832720975826 -0.2357647716999054
-0.033630324397393 -0.25503450632095337
0.13044872575011368 -0.25192320346832275
0.22643366022197142 -0.38058674335479736
0.4418288408845683 -0.47004377841949463
0.7088715452132419 -0.5703279972076416
0.8673148819492553 -0.7048436999320984
0.21496868864795715 -1.0
0.6232749584932549 -1.0
0.6684930106881666 -1.0
0.7188789155433142 -1.0
0.7010359385142237 -1.0
0.6918424268928334 -1.0
0.676677346541851 -1.0
0.6641523950351029 -1.0
0.6221433157747924 -1.0
0.608679652639637 -1.0
0.6002677865764667 -1.0
0.594466286941099 -1.0
0.5527670871795749 -1.0
0.5374057338497096 -1.0
0.5514874573487987 -1.0
0.5752506485328013 -1.0
0.622510281200789 -1.0
0.6399911071945894 -1.0
0.6438814503015919 -1.0
0.6456108371451705 -1.0
0.6789309709114377 -1.0
0.690321867356829 -1.0
0.6948847705513117 -1.0
0.6932877607628711 -1.0
0.7296820966927271 -1.0
0.7362825441898053 -1.0
0.7311091398840404 -1.0
0.6952214435153223 -1.0
0.8637603711788984 -1.0
0.8322749654582253 -1.0
0.7931933060967253 -1.0
0.7468990563328362 -1.0
0.2523345659519691 -1.0
0.6384966733336341 -0.9509991407394409
0.3969307221001941 -1.0
0.410311750185258 -0.973380982875824
0.6474078352840138 -0.8377709984779358
0.47138412396259355 -0.8358034491539001
0.3994417676698845 -0.7913376092910767
0.3041081526028506 -0.7555959820747375
0.28833160154641746 -0.6800320148468018
0.21882802787632727 -0.6389493942260742
0.15591533566293947 -0.5993264317512512
0.09442466381830172 -0.5606876015663147
0.07584550662471656 -0.49387413263320923
0.01850656833840958 -0.4507232904434204
-0.04359490218263318 -0.41144806146621704
-0.101956852443152 -0.3748443126678467
-0.13091238174490627 -0.3153274655342102
-0.1750835945721292 -0.2776293456554413
-0.21587738522003974 -0.24823583662509918
-0.23684812081518203 -0.22191473841667175
-0.3110210417017356 -0.23410755395889282
-0.34422603577877453 -0.21370595693588257
-0.3528423417127442 -0.18562793731689453
-0.3500456986973859 -0.1578504741191864
-0.3785797735436631 -0.1674257218837738
-0.3965698170986798 -0.15356522798538208
-0.40010117939817746 -0.13077077269554138
-0.39392619073447577 -0.1059141755104065
-0.41240390072647415 -0.11545713245868683
-0.4195011488469049 -0.10217449069023132
-0.41437318144676283 -0.07910452783107758
-0.40826265693914365 -0.05447317287325859
-0.32469268826224607 -0.006225995719432831
-0.27729468724282924 0.010508082807064056
-0.2721041135599762 0.012828171253204346
-0.2899253404791011 0.011548444628715515
-0.2495037028007232 0.049635425209999084
-0.2203075027323962 0.06178422272205353
-0.21527791283858733 0.062159568071365356
-0.22777795144270385 0.05903749167919159
-0.17881432937520003 0.09343060851097107
-0.14639499973293368 0.0998370349407196
-0.1427046229967459 0.09368789196014404
-0.1604059749491853 0.08381533622741699
-0.14708235885416343 0.09563969075679779
-0.14151326779335704 0.09265953302383423
-0.15106778847365376 0.08421066403388977
-0.17432093106521052 0.07458552718162537
-0.23908299526578958 0.08592760562896729
-0.2781938134244797 0.09003275632858276
-0.3117749175285667 0.08595408499240875
-0.3349974849034538 0.07566700875759125
-0.35346706023420893 0.082463338971138
-0.361560190572618 0.06973308324813843
-0.39464552637002726 0.04050301015377045
-0.4173265553687884 0.009929843246936798
0.11125721166740732 -0.09782621264457703
-0.042704486765615 -0.21428076922893524
-0.018588345388423022 -0.2382255345582962
0.12128097883521605 -0.2409554272890091
0.2291289285159337 -0.37443333864212036
0.4741362131063056 -0.4732014536857605
0.7593126312349909 -0.5907742381095886
0.8683108496383625 -0.7480756044387817
0.2919120062151137 -1.0
0.6977811122654884 -1.0
0.7613274604025833 -1.0
0.8526886680662642 -1.0
0.7881466081311714 -1.0
0.7879997301531603 -1.0
0.7804202997758125 -1.0
0.7751496310071389 -1.0
0.7229210131726518 -1.0
0.7215557490850983 -1.0
0.7374651501638141 -1.0
0.7788150549727675 -1.0
0.7743913383608287 -1.0
0.8034606558788937 -1.0
0.8433751118358828 -1.0
0.8722753931229477 -1.0
0.8808137349611229 -1.0
0.8441094471571091 -1.0
0.7857807236354688 -1.0
0.7126783269493444 -1.0
0.710207051829002 -1.0
0.6774328773481102 -1.0
0.6489273245827576 -1.0
0.6233690270957482 -1.0
0.7122687408065076 -1.0
0.7386100026809572 -1.0
0.7450874834177625 -1.0
0.7391456394805687 -1.0
0.8705846508921695 -1.0
0.8623714878532382 -1.0
0.8340912629140576 -1.0
0.7972795416412737 -1.0
0.2758973067570878 -1.0
0.5665500587116412 -1.0
0.49145206808731245 -1.0
0.4313835722089152 -1.0
0.5916990752194238 -0.9355088472366333
0.4396858053083861 -0.943193793296814
0.41543432209277853 -0.9025430083274841
0.34847906921083904 -0.8744309544563293
0.244058867945796 -0.8660920858383179
0.2340271753137131 -0.8292776942253113
0.22061845947814618 -0.7992071509361267
0.21198460203106606 -0.769066333770752
0.14350027864048798 -0.7568148970603943
0.1303967193358062 -0.7220561504364014
0.11902929460489986 -0.6873350739479065
0.1081122824770091 -0.6517695188522339
0.06261248661343188 -0.6300998330116272
0.054321346995209296 -0.5920971035957336
0.05097322251475589 -0.5521518588066101
0.030198050113085628 -0.5133287906646729
0.08982301210829746 -0.38541245460510254
0.06983406300810202 -0.32632580399513245
0.011079472505400645 -0.2941058278083801
-0.060339812625329614 -0.2720712423324585
-0.00291119582027477 -0.17769090831279755
0.0094401829923072 -0.14603455364704132
-0.02180829755701552 -0.13665124773979187
-0.0762188912409556 -0.132163867354393
0.02782045074712869 -0.0535740852355957
0.048836711298349655 -0.041104260832071304
0.014011406451572839 -0.047430045902729034
-0.030686752831286412 -0.053333308547735214
-0.11018375563503469 -0.06850489974021912
-0.13024250386098402 -0.06130240857601166
-0.11614261431321893 -0.04723889008164406
-0.08782018646837741 -0.03218759223818779
-0.12408190123727536 -0.03354446962475777
-0.1274051869764321 -0.022017136216163635
-0.11507640641269745 -0.009050741791725159
-0.09795887697976013 0.0023590996861457825
-0.13083293231477455 0.00028023868799209595
-0.13448412244019892 0.008741885423660278
-0.12312550557521718 0.01799646019935608
-0.11063226782232505 0.02432762086391449
-0.12367265144729345 0.02605709433555603
-0.13437948507612418 0.026868343353271484
-0.14691258519906114 0.02574913203716278
-0.1657242040021174 0.022634334862232208
-0.2228703740050264 0.011900149285793304
-0.27069009593958526 0.006494678556919098
-0.3141750397676901 0.0014217346906661987
-0.3530892199526079 -0.0051724836230278015
-0.41106947468477983 -0.020766206085681915
-0.45213770518085994 -0.03360895812511444
-0.48943822279778715 -0.048230625689029694
-0.5278030832851073 -0.0645313709974289
0.10959184259155563 -0.11462326347827911
-0.10409009228499144 -0.21841423213481903
-0.16866308200434332 -0.2351902723312378
-0.14555617064797843 -0.22849181294441223
-0.1589788533244132 -0.2587963938713074
-0.12751853730833318 -0.2699124813079834
-0.07198958692526958 -0.279001921415329
0.035061940658465574 -0.29203298687934875
0.09127372785661692 -0.3547593355178833
0.17613893418109683 -0.39795225858688354
0.26805840104805156 -0.4363095760345459
0.31521455685924593 -0.47575443983078003
0.39521001020472113 -0.46479636430740356
0.33470554820939924 -0.4838244318962097
0.24474978291118532 -0.490975022315979
0.18023857349464834 -0.4848971962928772
0.22946306972391994 -0.427693247795105
0.19086636021734193 -0.4164072275161743
0.1329729729386031 -0.4084782004356384
0.07181600856910109 -0.39774370193481445
0.11340727219010205 -0.33533304929733276
0.07126706848077902 -0.32307642698287964
0.022520966933257114 -0.3131732940673828
-0.008531032954522288 -0.3020744323730469
-0.02653165546752234 -0.29058873653411865
-0.046391303632958625 -0.28086307644844055
-0.06919093866156345 -0.27139002084732056
-0.09386871290513454 -0.2613113522529602
-0.1038317981997352 -0.24740548431873322
-0.12546905528586194 -0.23801849782466888
-0.15279780306212842 -0.22777105867862701
-0.18295639120935903 -0.21582630276679993
-0.1946378665321049 -0.19909127056598663
-0.21942440431291743 -0.18750977516174316
-0.25131806196031903 -0.17500266432762146
-0.286075136829254 -0.1603887379169464
-0.2642498441081216 -0.11480733007192612
-0.27346583786641077 -0.09734871983528137
-0.3069905622427882 -0.08677899837493896
-0.34913077727304653 -0.07472345232963562
-1.2075841967870247 -0.026247505098581314
-1.190493512313651 0.15948164463043213
-0.9660414028036826 0.21962977945804596
-0.7980623442394403 0.18563739955425262
-0.7062638639137617 0.14614029228687286
-0.7351482339012136 0.0979347974061966
-0.7995546601586057 0.0715620219707489
-0.8500706987071567 0.062041670083999634
-0.7527017348599543 0.09708979725837708
-0.7196634235042438 0.08357377350330353
-0.7397488009908102 0.06398196518421173
-0.7709577686780449 0.05145883560180664
-0.6645969309977886 0.08568598330020905
-0.6449600138772666 0.07215656340122223
-0.6647303967487801 0.05783239006996155
-0.6889679973078273 0.049327194690704346
-0.5624662773792579 0.08580352365970612
-0.5512652763817414 0.07163049280643463
-0.5712605360201906 0.05995731055736542
-0.5928955405868237 0.053003162145614624
-0.517444029111175 0.07056140899658203
-0.5141794705472194 0.061124786734580994
-0.5198863592664793 0.05563880503177643
-0.528869299616133 0.05211535096168518
-0.4393996753846636 0.07331416010856628
-0.4381509286367873 0.06464135646820068
-0.4445540744093819 0.059811025857925415
-0.4529628504108132 0.05642588436603546
-0.3611586157986153 0.07617051899433136
-0.35546549243468917 0.06892305612564087
-0.35474624318254655 0.06508822739124298
-0.35576762488472014 0.06240692734718323
-0.30315951244864436 0.07010188698768616
-0.2909578130864361 0.0673159509897232
-0.2798318139151661 0.06680069863796234
-0.27094847559692425 0.06679998338222504
-0.20951289159603448 0.08007404208183289
-0.19960811253741895 0.07833166420459747
-0.1941366237444413 0.0777178704738617
-0.19375184571674708 0.07706892490386963
-0.12244365174609584 0.09356234967708588
-0.12678998046561674 0.09005483984947205
-0.14117768669564157 0.08734036982059479
-0.16286584580575436 0.08450734615325928
-0.14106662035942463 0.09208972752094269
-0.16394804971378107 0.08853687345981598
-0.19291923132090005 0.08585251867771149
-0.2300789889089856 0.08280256390571594
-0.22506143784596588 0.09346207976341248
-0.2743856097710591 0.08820207417011261
-0.3292921609407813 0.08335290849208832
-0.3880450119782495 0.07835474610328674
-0.3986030068458035 0.08768706023693085
-0.4567371231734114 0.08153198659420013
-0.5169151653537938 0.07584401965141296
-0.5779827063767584 0.07022958993911743
-0.23611982421448374 0.03922882676124573
-0.43756174836460104 -0.004727378487586975
-0.4141944477901234 0.018450401723384857
-0.3883080837954367 0.035560011863708496
-0.4483553334384851 0.027071192860603333
-0.4293097304035882 0.04291190207004547
-0.3991468170347048 0.05626562237739563
-0.36244687368503037 0.06761574745178223
-0.39724080814210083 0.054233670234680176
-0.3658326177990716 0.0644950121641159
-0.3189559794253114 0.07279600203037262
-0.25858777487218276 0.077774778008461
-0.20600695236316824 0.06950995326042175
-0.10177054754160508 0.06494252383708954
-0.008634821563134665 0.051840513944625854
0.08281559495520696 0.036829300224781036
0.18243915849620862 0.013694576919078827
0.2726946035507467 -0.007166996598243713
0.3653424745002667 -0.025941547006368637
0.4603819246326566 -0.044878873974084854
0.5679464401904966 -0.06802700459957123
0.6552318250294888 -0.09151630848646164
0.7104898538791531 -0.1115490049123764
0.744364098016149 -0.12510615587234497
0.810214768646631 -0.12216972559690475
0.7945869573274535 -0.1318201720714569
0.7743465220199823 -0.12926951050758362
0.7530022117168187 -0.12259859591722488
0.7613202214020021 -0.10018925368785858
0.7232786766020354 -0.09227238595485687
0.6945936878332191 -0.07948499917984009
0.6587236224853541 -0.06727094948291779
0.6707715855773131 -0.03235296532511711
0.6144798693672442 -0.019833050668239594
0.5603968977576415 -0.0010563582181930542
0.5055769594592334 0.018367789685726166
0.6024511399387507 0.088949054479599
0.5692347466014098 0.09695655107498169
0.5255171542326593 0.10775318741798401
0.4827502380740043 0.12009324133396149
-0.07441150456577361 0.17875359952449799
0.09899570082205855 0.28316766023635864
0.11623845319036263 0.26814979314804077
0.05568029009947395 0.24402736127376556
0.1106714794891559 0.27671438455581665
0.06953048346315427 0.26253950595855713
0.007850391444264915 0.24989892542362213
-0.037051734350939114 0.24258624017238617
-0.24395542003338733 0.18485353887081146
-0.2608702732935626 0.19661255180835724
-0.24817329458119275 0.20006988942623138
-0.2318943247249763 0.19978339970111847
-0.3549974498948245 0.1552160382270813
-0.35606135703920927 0.16090722382068634
-0.34736100383065605 0.15977589786052704
-0.3348847935166077 0.15704086422920227
-0.44385235139287715 0.11551569402217865
-0.4279789430274832 0.12128996849060059
-0.4095319034905174 0.12000204622745514
-0.39503159302654467 0.1170901358127594
-0.2388359118634753 0.1526484340429306
-0.2504279581120272 0.13510923087596893
-0.27568678003098057 0.12576571106910706
-0.30770185893368307 0.11754323542118073
-0.1898963171925061 0.15241457521915436
-0.21193395840322182 0.1386408805847168
-0.23060676347574827 0.13284070789813995
-0.25379009219881254 0.1273757815361023
-0.12374431987228718 0.16429512202739716
-0.14991848620479686 0.1515883058309555
-0.16999119208867342 0.14658334851264954
-0.1877018425639676 0.14224690198898315
-0.2243198790262113 0.13416320085525513
-0.21704188482789277 0.1359357386827469
-0.1997134620454517 0.13763774931430817
-0.17879972748278306 0.13953204452991486
-0.1902634785424766 0.13773301243782043
-0.18283409601360745 0.1396273374557495
-0.1745285743096474 0.1406715363264084
-0.16632264234789318 0.14152534306049347
-0.1771731811228392 0.1413705199956894
-0.17839055377049817 0.14179420471191406
-0.1794572407880537 0.14059044420719147
-0.1789528920718908 0.13939346373081207
-0.2792645594481087 0.11831240355968475
-0.28595973868647206 0.12320154905319214
-0.29445504731086203 0.12510527670383453
-0.3034342053150567 0.12653712928295135
-0.4254088128379294 0.1054685115814209
-0.4526321491111389 0.10949036478996277
-0.478659063873522 0.1106303334236145
-0.5031336964298134 0.11108246445655823
-0.6223562210744831 0.09221583604812622
-0.6629862715464014 0.09404852986335754
-0.6969103445928226 0.09296730160713196
-0.7113878980026698 0.09098519384860992
-0.3513048030267214 0.0522589385509491
-0.5071943940273513 0.00686364620923996
-0.44783880955276345 0.023446641862392426
-0.3295022639922536 0.03286372870206833
-0.3383394127508268 -0.005006343126296997
-0.19519567113729863 -0.008711956441402435
-0.037396820887636295 -0.022085435688495636
0.15295611659820452 -0.041745953261852264
0.17587724910589486 -0.10801871120929718
0.36381946414263666 -0.13077346980571747
0.5298452010736128 -0.16452783346176147
0.7082374190311498 -0.19873639941215515
0.7606224894839215 -0.27787742018699646
0.9448237940034119 -0.31112679839134216
1.1077636230585313 -0.35352641344070435
1.2534657723003875 -0.39740967750549316
1.2299051269719712 -0.4868205785751343
1.3424976853335124 -0.5232035517692566
1.4104637294153122 -0.5660256147384644
1.4854332423428218 -0.6012818813323975
1.3941657975243515 -0.6727914810180664
1.5257147467123673 -0.6826403141021729
1.4970600562584195 -0.7214433550834656
1.5596942540359464 -0.7311481833457947
1.6079029423442535 -0.7348707318305969
1.5801853983214187 -0.7507922649383545
1.6010628714823838 -0.7516974210739136
1.5711422846232495 -0.7587822675704956
1.6477570527852095 -0.7352945804595947
1.5596305465333558 -0.7450497150421143
1.5867227879698476 -0.724534809589386
1.5104757231617896 -0.7218987345695496
1.5983089133703743 -0.6703798174858093
1.4601487318891486 -0.6687204837799072
1.4498490294946578 -0.6295392513275146
1.3323765271678667 -0.6083042621612549
1.4077212826838377 -0.520520806312561
1.2725779740928829 -0.49857908487319946
1.2352538445999244 -0.4540937542915344
1.173888451197854 -0.4254283308982849
0.4379649908799479 -0.353779673576355
0.620804445412432 -0.17050175368785858
0.5458323192705166 -0.16104522347450256
0.4484714623338846 -0.1535094678401947
0.45797241364545016 -0.1020188257098198
0.39454798782850276 -0.09645839035511017
0.32109661056500727 -0.09149753302335739
0.2511529500433767 -0.08497610688209534
0.1412198859811724 -0.09598108381032944
0.09625425223015327 -0.08492960035800934
0.0716661152512188 -0.0744912177324295
0.051931279333359726 -0.06548670679330826
-0.008200117113176475 -0.07157960534095764
-0.033951285097487016 -0.06335367262363434
-0.052378088945658874 -0.05624167248606682
-0.06745683215990539 -0.0500049851834774
-0.10788157837578183 -0.05419137328863144
-0.12114223603111895 -0.047709036618471146
-0.12849950031750268 -0.04239263758063316
-0.1332630806674615 -0.03811362013220787
-0.1498208971133863 -0.038738641887903214
-0.15948279550394773 -0.03498203679919243
-0.16880898876053152 -0.031192727386951447
-0.17784278137753518 -0.027421467006206512
-0.1851823246350932 -0.023223169147968292
-0.19227111267872488 -0.01944604516029358
-0.19830652879886657 -0.015642739832401276
-0.20353141380081752 -0.011887796223163605
-0.19712437673518934 -0.005751900374889374
-0.19788823971350666 -0.00263155996799469
-0.19747258901594478 0.0007384344935417175
-0.19519931342961172 0.00419221818447113
-0.1792076382716914 0.009559251368045807
-0.16839754753891611 0.012387946248054504
-0.15546564462920287 0.015127211809158325
-0.1391879786471577 0.0175626203417778
-0.10569805644649932 0.025035418570041656
-0.0925373486483636 0.026406027376651764
-0.08302254428286915 0.027595266699790955
-0.07646781746109355 0.02850181609392166
-0.043255772203679044 0.03632733225822449
-0.041032054277195584 0.03571800887584686
-0.04713866057585392 0.03451329469680786
-0.05852944159016715 0.033090196549892426
-0.08145614840020698 0.029660366475582123
-0.09954069482591876 0.028644941747188568
-0.12021608772414538 0.027483075857162476
-0.14668524331915478 0.025668874382972717
-0.18483487746402716 0.02447447180747986
-0.22860759473076087 0.021557286381721497
-0.2765533141459855 0.017845243215560913
-0.32672413088124586 0.013534985482692719
-0.37134494713018285 0.011891268193721771
-0.4266783108347454 0.006303340196609497
-0.4852575545345985 -0.00012986361980438232
-0.5434145657893623 -0.006528474390506744
-0.08890141542411811 -0.024302706122398376
-0.32170184844341065 -0.08006411790847778
-0.34343442783983846 -0.06300224363803864
-0.3533883119213215 -0.046783190220594406
-0.3960110277037643 -0.03945234417915344
-0.40535537484271345 -0.023860856890678406
-0.40608444079975925 -0.009343042969703674
-0.40351833434073114 0.0038216710090637207
-0.43339686070913785 0.007146775722503662
-0.43339491519532203 0.02000773698091507
-0.4188572914738984 0.031976811587810516
-0.3831429914296791 0.04125913977622986
-0.392669695605548 0.023381032049655914
-0.3360247501620961 0.024504579603672028
-0.261085383217619 0.022549442946910858
-0.17846652443557787 0.016223907470703125
-0.11770194375020537 -0.010877937078475952
-0.015640060650468968 -0.027361784130334854
0.06942414165013133 -0.047938618808984756
0.18445534943100483 -0.0670575499534607
0.227661560450656 -0.10903739184141159
0.3252477424984477 -0.12894707918167114
0.3893682137993437 -0.15221691131591797
0.4403478386769848 -0.16976436972618103
0.5176266547324531 -0.17825427651405334
0.5450520080332808 -0.19458359479904175
0.5612482801906253 -0.2044982612133026
0.5691372513318811 -0.2106919288635254
0.599736368379638 -0.2055549919605255
0.5786561121595355 -0.20872952044010162
0.5647640599845545 -0.20369534194469452
0.5374205753359433 -0.1977173089981079
0.5390430633637493 -0.17645704746246338
0.49505611798474547 -0.1676078736782074
0.4456183593248966 -0.15329843759536743
0.35093778374641715 -0.13599863648414612
0.29748105142641634 -0.09547139704227448
0.22641935808150038 -0.0665147453546524
0.1771574933482043 -0.037693992257118225
0.1391512989461603 -0.013364002108573914
-0.559707346367361 0.021864108741283417
-0.4242296687452267 0.16050201654434204
-0.332907783496978 0.17112760245800018
-0.33827672583908 0.14500389993190765
-0.3137242600114405 0.14292578399181366
-0.3356167378443047 0.1274825483560562
-0.3703290412269098 0.11665156483650208
-0.4073480461237864 0.10901984572410583
-0.2737585757253669 0.15466363728046417
-0.26499439819446025 0.13595137000083923
-0.300246791522909 0.11858803033828735
-0.33847408716201244 0.10814628005027771
-0.2123838810317693 0.15105274319648743
-0.21559660537502623 0.1333818882703781
-0.2467386410833683 0.12014961242675781
-0.2789752088064006 0.11134225130081177
-0.12924693629389594 0.15765409171581268
-0.15953409570380472 0.1369551420211792
-0.2004486561667136 0.12580695748329163
-0.23272613822922494 0.1183268278837204
-0.23682003311415656 0.11746491491794586
-0.24758373059495398 0.11403064429759979
-0.25781793152600585 0.1111481636762619
-0.26699360156561625 0.10848839581012726
-0.26662961319863143 0.10904097557067871
-0.27315535374009414 0.10642479360103607
-0.27732454766817227 0.10453678667545319
-0.28010040204668485 0.1029362827539444
-0.25390048517169816 0.1088719516992569
-0.255061919350112 0.10623836517333984
-0.2549828488265007 0.10491770505905151
-0.2535926812831235 0.10388849675655365
-0.240290535427107 0.10549931228160858
-0.23210305984480328 0.10539542138576508
-0.2226907189750591 0.10591457784175873
-0.2138031662715889 0.1065572202205658
-0.1859020519517003 0.1159292459487915
-0.18193234678079762 0.11601173877716064
-0.17766440585171495 0.11650677025318146
-0.17615794753947966 0.11673088371753693
-0.14676027927777113 0.12748296558856964
-0.15454057108883035 0.1264665722846985
-0.1659021923796331 0.12558795511722565
-0.18041790412246428 0.12453591823577881
-0.24039745703078097 0.1160314530134201
-0.2564526904965305 0.11789925396442413
-0.26978431698012173 0.11916057765483856
-0.2860804196329241 0.1199704110622406
-0.36334531974711126 0.11407162249088287
-0.4020339974077842 0.11525702476501465
-0.43242599407597027 0.11442425847053528
-0.37917064332054906 0.11195380985736847
-0.3088037474965404 0.09224709868431091
-0.18835843239577343 0.06891420483589172
-0.21686100678556386 0.03722269833087921
-0.1989635346062073 0.01938863843679428
0.05283642287992052 -0.06894335895776749
-0.07186516657998254 -0.1257341504096985
0.06432283801825633 -0.11716055124998093
0.20242737843750547 -0.1164691150188446
0.044518791246048295 -0.19186443090438843
0.1965396187878241 -0.18752434849739075
0.3956966074589445 -0.19776013493537903
0.6117913942579776 -0.22017785906791687
0.5934078749446599 -0.32841408252716064
0.8292128837730957 -0.3591446876525879
1.0648757967830988 -0.40487873554229736
1.2641315738319463 -0.4685325622558594
1.2833880970792393 -0.5785278081893921
1.4008362200395368 -0.6425244808197021
1.4613401233416425 -0.7070157527923584
1.5167302766861894 -0.7592892646789551
1.4274455737275389 -0.8332217931747437
1.5663792966730625 -0.851518452167511
1.4987798875370117 -0.90420001745224
1.620033148437642 -0.9157320857048035
1.3910706373105768 -0.9890735745429993
1.6710653159557296 -0.9630282521247864
1.5192932769957679 -1.0
1.629013625153334 -1.0
1.697680428630008 -1.0
1.702776232311976 -1.0
1.7004332854772315 -1.0
1.6916481811661015 -1.0
1.7560153984910585 -0.9924386143684387
1.6989240764311262 -1.0
1.7137780579396917 -0.9924640655517578
1.6600585753642463 -0.9916015267372131
1.8501809789323147 -0.9268214702606201
1.6134406333516154 -0.9478173851966858
1.7453779644463907 -0.8856174349784851
1.5249065830241761 -0.8914065957069397
1.9141617087362306 -0.7295619249343872
1.5519675759274492 -0.7581672072410583
1.6526105602117127 -0.6733273863792419
1.4918487096161357 -0.6642686128616333
1.0024822559350923 -0.53472900390625
1.1754550169711138 -0.37111496925354004
1.0195121068336448 -0.3569096326828003
0.901055993796092 -0.3291569650173187
0.9582960960811988 -0.23447592556476593
0.8370435412110737 -0.22672651708126068
0.7332103686536584 -0.2102571725845337
0.6363109149846196 -0.1956794559955597
0.5895235613240857 -0.17115584015846252
0.5303498126463637 -0.15974265336990356
0.48422133198454276 -0.14732447266578674
0.44189265371977626 -0.13621799647808075
0.44202912112319837 -0.11379852145910263
0.403920536861051 -0.10811509191989899
0.3708131022763155 -0.10047797113656998
0.34002994151813937 -0.09355071932077408
0.3766984033444487 -0.0692446380853653
0.3497506916341422 -0.06799878925085068
0.3238415101266128 -0.06352824717760086
0.29522684425626267 -0.05960001051425934
0.3612878334048446 -0.031156286597251892
0.33322551179816173 -0.03377624973654747
0.3088849832486744 -0.031185690313577652
0.2795399568237258 -0.02932792156934738
0.351179473932973 0.002077914774417877
0.32009882881789053 -0.0017803311347961426
0.2969750078895004 -0.0002693161368370056
0.27117905166869605 0.0006670951843261719
0.3482192537225046 0.029886901378631592
0.3264517742148314 0.026353910565376282
0.311242320815154 0.02730448544025421
0.29159788873374737 0.027858830988407135
0.24289901757435928 0.02387067675590515
0.2330615760494652 0.028440147638320923
0.23613593542279432 0.034337252378463745
0.24447725692886024 0.04072345793247223
0.22671835774832516 0.046142593026161194
0.22241507530378613 0.05123083293437958
0.2237771347959665 0.055336833000183105
0.22718078441118905 0.05866482853889465
0.21248734013653348 0.0635521411895752
0.19813712894728042 0.06630775332450867
0.1833825039140038 0.06790757179260254
0.17103764674283184 0.06928358972072601
0.03881920401767047 0.04805523157119751
0.02481666765652335 0.05493052303791046
0.01741446175043393 0.05926114320755005
0.010184480406962848 0.06269417703151703
-0.1440676127146503 0.04036252200603485
-0.18347610418277327 0.04604414105415344
-0.2073971067131879 0.04865974187850952
-0.1461687334635826 0.04876427352428436
-0.1453244844599908 0.01455128937959671
-0.057362462001549375 -0.006688326597213745
-0.09855850117810405 -0.03513273596763611
-0.08608302403098378 -0.05048096179962158
0.22195500998191164 -0.138868048787117
0.037666725896940534 -0.2047366350889206
0.13126694435277386 -0.19454720616340637
0.2555077256195659 -0.18920841813087463
0.1415531259222007 -0.2656136751174927
0.28564648516243096 -0.27250152826309204
0.4582747408904879 -0.2887926697731018
0.625553005768495 -0.3143937289714813
0.5694566520340913 -0.43057990074157715
0.7287192771425453 -0.47103697061538696
0.9102501679288366 -0.5230594277381897
1.0763072230435569 -0.5891104340553284
0.9975404669393129 -0.7198609113693237
1.100594616863816 -0.7823379039764404
1.1227873964552373 -0.8527442216873169
1.167872825448569 -0.9071696996688843
0.9638842749419609 -1.0
1.2082262533967878 -1.0
1.2586884754930452 -1.0
1.325164368311448 -1.0
1.2715740135178635 -1.0
1.3045736926869154 -1.0
1.3254284909882017 -1.0
1.3391554755627908 -1.0
1.3809943069719566 -1.0
1.3811239761001275 -1.0
1.3813016348608471 -1.0
1.3803021202638774 -1.0
1.4204666831618056 -1.0
1.4168143115099383 -1.0
1.4060519632417368 -1.0
1.3839700574622498 -1.0
1.4055754298557872 -1.0
1.3742291363078039 -1.0
1.3310336482226717 -1.0
1.2601959728114593 -1.0
1.3573218715432631 -0.9934516549110413
1.2459871121124024 -1.0
1.266332946285388 -0.9700972437858582
1.1779002835307892 -0.9587270617485046
0.7556014508840576 -0.8420592546463013
1.0626894747215943 -0.6608859300613403
0.8382330893474546 -0.6659523248672485
0.7489246623392205 -0.6192354559898376
0.7911058208385384 -0.511441707611084
0.671573560607726 -0.48275190591812134
0.5665239435983835 -0.45108675956726074
0.47093912375106584 -0.4215462803840637
0.41712721301297506 -0.37706923484802246
0.34238188070321485 -0.35170382261276245
0.27749240359133864 -0.3266378343105316
0.21808616580244689 -0.30269718170166016
0.20039946085540805 -0.2604042589664459
0.156241977106788 -0.23951278626918793
0.11303696858033163 -0.22092211246490479
0.07365469765301214 -0.20362010598182678
0.07874656589115148 -0.16770516335964203
0.05288726074195438 -0.1531197428703308
0.022663554676285003 -0.14133590459823608
-0.002009901813437409 -0.12994742393493652
-0.07049164298314281 -0.13351775705814362
-0.08869064158301398 -0.11975227296352386
-0.09094308260461048 -0.1063663586974144
-0.09065181628386654 -0.09464459866285324
-0.14639487739191281 -0.10105785727500916
-0.15922936796101794 -0.08969676494598389
-0.162171875581123 -0.07815101742744446
-0.16240332397711654 -0.06745236366987228
-0.19429630381284824 -0.06804850697517395
-0.20083915405700736 -0.05805986374616623
-0.20050325669677704 -0.04797720909118652
-0.19556341532864963 -0.038580238819122314
-0.2281403103702928 -0.042022548615932465
-0.23001504342801127 -0.032990630716085434
-0.22075242686395313 -0.02270137518644333
-0.20834229806865778 -0.013158708810806274
-0.21388717450645345 -0.0042131319642066956
-0.2080977613790651 0.005328014492988586
-0.19753823295320672 0.013331055641174316
-0.18502198160467742 0.01972799003124237
-0.1973018122999406 0.023635052144527435
-0.19229316996666057 0.030415743589401245
-0.1821254700788586 0.03643867373466492
-0.1766228636825531 0.04011879861354828
-0.159664124747394 0.05246396362781525
-0.1594450734831412 0.05299295485019684
-0.17138663830473888 0.048951610922813416
-0.19535820553670646 0.042966172099113464
-0.25079110090666745 0.0421273410320282
-0.2957451577005372 0.03980138897895813
-0.3326603238206758 0.03449437767267227
-0.2767201177193215 0.025771602988243103
-0.15027320315721227 0.008752144873142242
-0.027411488622476554 -0.027927838265895844
-0.07327608058380974 -0.07573796808719635
-0.10104311087320639 -0.10950420796871185
0.35070950813252466 -0.21683987975120544
0.17145929925408154 -0.32623258233070374
0.33835416113458905 -0.34108537435531616
0.5972150430039278 -0.35867583751678467
0.663923838022356 -0.48893868923187256
0.8505956338448186 -0.5765575170516968
1.0206833320204396 -0.6701309680938721
1.1243804860603746 -0.7710925936698914
0.6664049143237207 -0.9843180775642395
1.014395511288967 -1.0
1.134949387549284 -1.0
1.1826253001972873 -1.0
1.2744002816293687 -1.0
1.2636819658101786 -1.0
1.2526523282741664 -1.0
1.2433958949685007 -1.0
1.3234324159053017 -1.0
1.3188626143391389 -1.0
1.3159391017420603 -1.0
1.3115749654108981 -1.0
1.3976073229172812 -1.0
1.4074281031026317 -1.0
1.4050344541571462 -1.0
1.3977170771630654 -1.0
1.4165613325874915 -1.0
1.4200685437189122 -1.0
1.419479875910497 -1.0
1.4158467034098408 -1.0
1.4341229850573427 -1.0
1.4314577358052247 -1.0
1.4252712398453582 -1.0
1.4139514823852437 -1.0
1.4305243160948748 -1.0
1.4194945826003504 -1.0
1.3956069150013946 -1.0
1.3454285616244874 -1.0
1.405369576546775 -1.0
1.3533957020122216 -1.0
1.3144864369097036 -1.0
1.2659749363620563 -1.0
0.7553157623411266 -0.9645556211471558
1.2622077469688975 -0.7786149382591248
0.9098920578119873 -0.8322445750236511
0.9407725762169434 -0.7633107304573059
0.9601855331991942 -0.6817992329597473
0.8353545837348975 -0.6558482050895691
0.740576837380388 -0.6202467679977417
0.6409331150333628 -0.5883128643035889
0.5978993915647948 -0.5323955416679382
0.5179446474527367 -0.5006744265556335
0.4507845515421991 -0.4691006541252136
0.3850174140119407 -0.43909692764282227
0.35946718396706956 -0.3918956518173218
0.3020967231699956 -0.36495786905288696
0.24711886310313957 -0.34003424644470215
0.19634845402543988 -0.31650954484939575
0.19823008023445254 -0.27583128213882446
0.16637494710579404 -0.25604110956192017
0.13135037471204214 -0.2385648638010025
0.09786173943422227 -0.22236476838588715
0.11936147772661343 -0.19128677248954773
0.10215033402141671 -0.1793282926082611
0.07785591419929005 -0.16878104209899902
0.05255048835368825 -0.15863503515720367
0.09713438372608607 -0.12675151228904724
