err a0
-0.17688531558246723 0.17307189106941223
-0.8941853784739351 -0.0496964193880558
-0.7418019665475413 0.041660986840724945
-0.7993130692616432 0.033659301698207855
-0.7819182563785034 0.05232860893011093
-0.750926416478535 0.06834130734205246
-0.7227864879976664 0.08368732780218124
-0.6845976640706795 0.10097520798444748
-0.6620062432358509 0.1153496578335762
-0.6398771521180606 0.12966784834861755
-0.6156341029882242 0.14348822832107544
-0.6380457216930608 0.16971322894096375
-0.5962834921080002 0.1870669424533844
-0.5456682309111898 0.19994470477104187
-0.4799456561699458 0.21186986565589905
-0.436883577881531 0.23831680417060852
-0.3291468927009191 0.25142982602119446
-0.21974150997357356 0.2575046718120575
-0.12093461390361426 0.2586289644241333
-0.14138273460474693 0.25384432077407837
-0.11512546832472026 0.24157392978668213
-0.11788628059537132 0.2210826873779297
-0.15154540655896653 0.1961994767189026
-0.3841152721558956 0.14201730489730835
-0.5219428460601421 0.10441724210977554
-0.6295016800748954 0.0688597783446312
-0.6806377041077099 0.03562655299901962
-0.7997361502110607 -0.030698522925376892
-0.852325754261642 -0.10188101977109909
-0.9911735703882414 -0.1851007044315338
-1.1334836294203114 -0.2550976872444153
-0.9885024838157506 -0.39251771569252014
-1.564401156034421 -0.5607722997665405
-1.5275670382337694 -0.5828632116317749
-1.538282064785676 -0.6327738165855408
-1.8053657792937088 -0.7462695240974426
-1.5035298517244655 -0.7368825674057007
-1.508106698060999 -0.7965344786643982
-1.2252315883347364 -0.7954754829406738
-1.6611906678625132 -0.9376358985900879
-1.052204401612812 -0.8791517615318298
-1.4821742528874893 -1.0
-0.7956487271753758 -0.9324073791503906
-1.1483553138931484 -1.0
-0.8203396849268074 -1.0
-0.7925847065508833 -1.0
-0.6352824736395064 -1.0
-0.548233960609366 -1.0
-0.4375629937452459 -1.0
-0.3448181450654033 -1.0
-0.22576962167289594 -1.0
-0.10593903504354785 -1.0
0.00035665743337176536 -1.0
0.08808420342251111 -1.0
0.15077158834805005 -1.0
0.18476629476072048 -1.0
0.191398217907647 -1.0
0.17504866405539588 -1.0
0.19887707936970855 -1.0
0.30996077851375503 -1.0
0.3158773055648112 -1.0
0.362037965017862 -1.0
0.37686843792391755 -1.0
0.4860662637178734 -1.0
0.4659400128632001 -1.0
0.4767854349861409 -1.0
0.4314042446296753 -1.0
0.47980192731569105 -1.0
0.35712341298329875 -1.0
0.29319081482219644 -1.0
0.18627493172493814 -1.0
-0.4504963690811792 -1.0
-0.14596786047707155 -0.8766241669654846
-0.620446121211728 -0.9416775107383728
-0.31389268282799776 -0.8207912445068359
-0.4938280845112786 -0.811154842376709
-0.394985703804025 -0.746264636516571
-0.5640966221160397 -0.7549291849136353
-0.5185143499612082 -0.7100158929824829
-0.49637398725701587 -0.668815553188324
-0.5585278770055311 -0.6578616499900818
-0.5792308912567705 -0.6377410292625427
-0.6360348107021991 -0.628164529800415
-0.4557499801499034 -0.5558445453643799
-0.5998743369976296 -0.5721028447151184
-0.558126166226316 -0.5397469997406006
-0.6501766407558307 -0.5430757999420166
-0.4559140317368815 -0.4718436002731323
-0.5039585552439121 -0.46739476919174194
-0.4878859283475663 -0.4438205063343048
-0.5119421963345872 -0.4305238723754883
-0.21373956860827548 -0.3369203805923462
-0.24434833718800064 -0.32919615507125854
-0.24545787939757702 -0.3069241940975189
-0.27760129118217947 -0.29254472255706787
-0.048153175072741305 -0.2188672125339508
-0.061761440696955106 -0.20718935132026672
-0.07088593293485701 -0.18864795565605164
-0.09820848522355163 -0.17414900660514832
0.11816895688616569 -0.10528195649385452
0.11459716488025151 -0.08880352973937988
0.09837206865125836 -0.07028960436582565
0.07565080956720749 -0.05427897721529007
0.16060800157504218 -0.019179407507181168
0.18213052571849175 -0.0005723908543586731
0.20354018732717805 0.017066746950149536
0.2255212507792521 0.03306666761636734
0.3018297754614423 0.06100942939519882
0.3581859968622325 0.07844974845647812
0.4227347208903325 0.09358822554349899
0.49122631497675684 0.10671316832304001
0.6316865928865241 0.1324753761291504
0.7087469442446945 0.14409562945365906
0.7419926948206808 0.14760425686836243
0.7362915256460383 0.14337807893753052
0.6542457632392598 0.1255010962486267
0.5826660891128768 0.10818948596715927
0.5008770499900379 0.08915618807077408
0.406528628143235 0.06868382543325424
0.2592669221412507 0.04015868902206421
0.13727344967389854 0.016977712512016296
0.024049663345010686 -0.00398574024438858
-0.05503677602359858 -0.023155193775892258
-0.10300649615385282 -0.05176956579089165
-0.16553402842333753 -0.08703503757715225
-0.27563757468828953 -0.12261325120925903
-0.3918062136785352 -0.14884266257286072
0.006281598190355453 -0.17629894614219666
-0.3976283204399351 -0.27461621165275574
-0.46533764357491236 -0.28874728083610535
-0.5253160720894812 -0.2993731200695038
-0.5874751999692194 -0.30778998136520386
-0.6183562034696024 -0.3084184229373932
-0.6439289715994505 -0.30700621008872986
-0.6688578156502558 -0.3035951852798462
-0.7114666848337947 -0.3021375834941864
-0.7236154856153121 -0.2943730652332306
-0.7281726278660017 -0.287232905626297
-0.7275014919647447 -0.2811085879802704
-0.7018313490296464 -0.2698920965194702
-0.7038039287698439 -0.26651957631111145
-0.7048447002190983 -0.2625328600406647
-0.7079987251541979 -0.258967787027359
-0.6618279913951142 -0.24473586678504944
-0.6683245522163475 -0.2431705892086029
-0.6631668051288102 -0.23796182870864868
-0.6653049205044113 -0.2341265082359314
-0.5980025941952363 -0.214182049036026
-0.6072063201359583 -0.2130851149559021
-0.592097564626556 -0.20530545711517334
-0.5830009179568947 -0.20056873559951782
-0.46872683799961123 -0.17293928563594818
-0.4670098844421773 -0.17565354704856873
-0.4284449182551384 -0.16765359044075012
-0.4118736741637008 -0.16422975063323975
-0.25605895352396146 -0.12521418929100037
-0.2639690028609607 -0.12788696587085724
-0.21736057914620233 -0.11227859556674957
-0.2113819745162573 -0.1040530577301979
-0.061940488178436226 -0.05752800032496452
-0.08584295596079983 -0.05525117740035057
-0.0544502311718702 -0.03446842357516289
-0.07399382586856973 -0.023311316967010498
0.05540474481409774 0.030606403946876526
0.011114989496320504 0.036840759217739105
0.014800817874061067 0.05821345001459122
-0.02409656897827972 0.06852643936872482
-0.5601764589233653 0.10392152518033981
-0.2884848861564251 0.23611313104629517
-0.38854487454580067 0.22105565667152405
-0.4098253296651251 0.24123379588127136
-0.3859161225512935 0.27081042528152466
-0.434276107503365 0.2754729688167572
-0.47636920579083153 0.28307783603668213
-0.5116921019876486 0.2885492146015167
-0.5541168643678134 0.28465941548347473
-0.5634559541235831 0.28922876715660095
-0.5611523215710577 0.29266154766082764
-0.5545087487656701 0.29572588205337524
-0.5413175007791438 0.30206429958343506
-0.5336212333845651 0.30455291271209717
-0.5276533232655538 0.3070644438266754
-0.522714640173092 0.3097274601459503
-0.5160775138423332 0.31425806879997253
-0.5100636057467227 0.3173881471157074
-0.5052206602155707 0.3205587863922119
-0.5028836577602078 0.323946475982666
-0.47969129300832947 0.3355204164981842
-0.4772560980846947 0.3398127555847168
-0.4769307166775434 0.3446052670478821
-0.4770499733461975 0.3496875464916229
-0.47283653319965424 0.36286887526512146
-0.46603964277460364 0.3703915774822235
-0.460577361618391 0.37749770283699036
-0.45344936595614627 0.3850480914115906
-0.43225796274140293 0.4036398231983185
-0.42363535566499877 0.4144749343395233
-0.4168020493860922 0.42550650238990784
-0.405153755282015 0.43743547797203064
-0.398651867632168 0.4519958794116974
-0.3637573497660469 0.4664887487888336
-0.3137358675342625 0.48168274760246277
-0.24240894189773599 0.4979589879512787
-0.22190681523215972 0.5401993989944458
-0.09027172418183227 0.5625368356704712
0.04953102441209012 0.5818043947219849
0.19152284642541417 0.599683940410614
0.2436696456155687 0.6400628089904785
0.347108260986829 0.6509684920310974
0.40286779673130013 0.650422990322113
0.4293437450227202 0.6422325968742371
0.3216072458686767 0.639788031578064
0.31056385823222854 0.6212049722671509
0.292095803235668 0.5992774963378906
0.2663459634158585 0.5765870213508606
-0.00021548383375602498 0.5277872681617737
-0.11321739901768524 0.49022457003593445
-0.1793864110826462 0.45865359902381897
-0.22528731152380033 0.43296828866004944
-0.4293896354898834 0.3837743103504181
-0.5409726797597045 0.34255966544151306
-0.6004265449054174 0.30116355419158936
-0.631642365863172 0.26147544384002686
-0.43363565491830514 0.10351111739873886
-0.9675642548145902 -0.08172477781772614
-1.2690960922893169 -0.1545170545578003
-1.3312098710704277 -0.2023387849330902
-1.7789493930828826 -0.3860611021518707
-1.9220078431461047 -0.450227826833725
-1.929034884883265 -0.49943625926971436
-1.8927799539599164 -0.541779637336731
-2.565801531335751 -0.7487308979034424
-2.277226864879367 -0.7413080930709839
-2.369809827879294 -0.8310496807098389
-1.9955758403124264 -0.8149165511131287
-2.468996577047278 -0.9692332744598389
-1.8200570408070007 -0.8930588960647583
-2.213298431372209 -1.0
-1.7130694484761761 -0.9644431471824646
-1.8626751209963572 -1.0
-1.6049734349528535 -1.0
-1.5115951278646662 -1.0
-1.3451139095359395 -1.0
-1.2550708810596802 -1.0
-1.1124052116043117 -1.0
-1.0156835655806162 -1.0
-0.9402316959217956 -1.0
-0.7659560221729294 -1.0
-0.7522503749953557 -1.0
-0.7081068327701701 -1.0
-0.7064865697917071 -1.0
-0.5651418571126214 -1.0
-0.6082836202422754 -1.0
-0.5992144870302241 -1.0
-0.6388944603266395 -1.0
-0.5701835537979036 -1.0
-0.6296286787110148 -1.0
-0.6701645309594255 -1.0
-0.7377176574676128 -1.0
-0.5086470836355943 -0.9250702261924744
-0.79535696340497 -0.9604914784431458
-0.5861052976299561 -0.8851292133331299
-0.8939895271588512 -0.9278777837753296
-1.0509947889478326 -0.7618550658226013
-0.9711473867897098 -0.6847279667854309
-1.116299794001634 -0.6872327923774719
-1.0920968453629598 -0.6463401317596436
-0.9147001988558259 -0.5688077807426453
-1.0571307328157786 -0.5825998783111572
-1.0125224916844218 -0.5433378219604492
-1.0767445317827082 -0.5365700721740723
-0.9306188529474184 -0.47463569045066833
-0.9953645771215633 -0.47460857033729553
-0.9705816730482297 -0.4481199085712433
-1.0000587973077018 -0.4381919205188751
-0.9108755653777507 -0.397965669631958
-0.9502071003299761 -0.39288103580474854
-0.9468355463661169 -0.3736710846424103
-0.9689593571973774 -0.3619953691959381
-0.9083645190482343 -0.3293258249759674
-0.9394204693265351 -0.32054489850997925
-0.9496220105504563 -0.30347949266433716
-0.9638802939596758 -0.28957322239875793
-0.9935437616869081 -0.2839116156101227
-1.0001928261108333 -0.2699052095413208
-1.0041620408912877 -0.25638315081596375
-1.0044962226631924 -0.24232688546180725
-0.957912374079001 -0.21680325269699097
-0.9470883992837003 -0.20294511318206787
-0.9353396483250549 -0.1879279613494873
-0.9245009951332008 -0.17359936237335205
-0.8733429066144254 -0.1493978649377823
-0.8510801833015762 -0.13416385650634766
-0.8309247559094501 -0.11859801411628723
-0.8111786759475308 -0.1035742536187172
-0.6174421562383259 -0.05104691907763481
-0.5738182426414937 -0.0341823436319828
-0.5690472573220404 -0.019231446087360382
-0.5738546850063813 -0.00671028345823288
-0.5441526510526273 0.031162314116954803
-0.515369539121366 0.0500124916434288
-0.4962252586883551 0.06273352354764938
-0.4736062946837478 0.07278723269701004
-0.38767525829587157 0.1099601611495018
-0.30406161947229293 0.12453428655862808
-0.22771063074554831 0.13057926297187805
-0.1553002042705316 0.131153404712677
-0.25434854649444105 0.11154244095087051
-0.25606170445416865 0.09771733731031418
-0.26653085647080843 0.07820942252874374
-0.3017248445469818 0.055129460990428925
-0.5776843764330692 -0.00819668173789978
-0.7222270601517948 -0.04459378123283386
-0.8342988957653006 -0.07847544550895691
-0.8900727829696393 -0.1097840890288353
-1.0679882767808522 -0.18553519248962402
-1.1347234171414584 -0.2487468421459198
-1.273063322066264 -0.3175409734249115
-1.4004441701791848 -0.36971625685691833
-1.1788583201436609 -0.48636311292648315
-1.7274578594859236 -0.6412380933761597
-1.61421862792389 -0.6480316519737244
-1.660084897026593 -0.701007068157196
-1.7953410017659053 -0.7747318148612976
-1.5936438435852551 -0.7725634574890137
-1.603450323992945 -0.8164680600166321
-1.4134554455865214 -0.819635808467865
-1.8271029056067505 -0.9404127597808838
-1.3353172742997117 -0.886913001537323
-1.7571542108347558 -1.0
-1.1571651724241292 -0.9244307279586792
-1.5209597363968896 -1.0
-1.2497371910638435 -0.9962765574455261
-1.2545235204907499 -1.0
-1.1402422409922224 -1.0
-1.0522781278965567 -1.0
-0.9838928413037138 -1.0
-0.9207895838329705 -1.0
-0.8671364515523123 -1.0
-0.8002877957715668 -1.0
-0.7636450707968265 -1.0
-0.7205772570094382 -1.0
-0.6842900417054238 -1.0
-0.5325450869586348 -1.0
-0.5269449814880431 -1.0
-0.4814674540697865 -1.0
-0.4716504005519937 -1.0
-0.38769293215807465 -1.0
-0.4033522646251413 -1.0
-0.399472277620589 -1.0
-0.4136410783817155 -1.0
-0.2542359193533912 -0.9587898254394531
-0.44951511902951324 -0.9860149621963501
-0.29226746411075055 -0.937520444393158
-0.5524259880390332 -0.9728562235832214
-0.21810675375235178 -0.8586559891700745
-0.6097030908935039 -0.9192631840705872
-0.3201959250042137 -0.8233873248100281
-0.6783434285697467 -0.8844528198242188
-0.9019158419453106 -0.745871365070343
-0.8027287854966403 -0.6657856106758118
-0.9628412557407273 -0.6756653785705566
-0.9222243327102433 -0.6325958967208862
-0.8678238901097188 -0.5903074741363525
-0.9395009275617667 -0.5867686867713928
-0.940183972914781 -0.5645716190338135
-0.9823874989073715 -0.5537001490592957
-0.8268574534446316 -0.4881455600261688
-0.8915649638440755 -0.4872390329837799
-0.8711157336828705 -0.4604008197784424
-0.9031799964324136 -0.4498122036457062
-0.8358312582957979 -0.4125504791736603
-0.8706969295288332 -0.40468496084213257
-0.8738111679532494 -0.38620758056640625
-0.8955788156467293 -0.3735191822052002
-0.8430543805454249 -0.3424919843673706
-0.8675973531126147 -0.3329908847808838
-0.8750774488716502 -0.3170385956764221
-0.8933670715067024 -0.30426716804504395
-0.9980646855760256 -0.3145633935928345
-0.9945221223941871 -0.2970145642757416
-0.9918766612830154 -0.28550368547439575
-0.9793185885254161 -0.2714797556400299
-0.9894449836750141 -0.26302269101142883
-0.9792568812390527 -0.24847093224525452
-0.9664956181930506 -0.23417213559150696
-0.9504755893002539 -0.21910181641578674
-0.9375909187459683 -0.20566555857658386
-0.9167076593742536 -0.1898306906223297
-0.896344532705939 -0.17352083325386047
-0.8798087216433146 -0.15675309300422668
-0.7501662971415044 -0.11319231241941452
-0.7184474468996314 -0.0945461243391037
-0.7092605392354017 -0.07737671583890915
-0.7068109431546645 -0.0628545880317688
-0.6648829641360408 -0.03095105290412903
-0.6377623772351058 -0.01500527560710907
-0.622302851845177 -0.0042036548256874084
-0.6072898426055531 0.0038384422659873962
-0.5586532709487528 0.026636645197868347
-0.501868569895862 0.035578541457653046
-0.44088128597849163 0.03868696093559265
-0.37439523733354463 0.037632592022418976
-0.4432098978584804 0.015460744500160217
-0.44523042485644737 0.0006460919976234436
-0.4589237201892047 -0.018071476370096207
-0.49567440416615227 -0.03976670280098915
-0.7020863459915745 -0.08840436488389969
-0.8193585412744824 -0.11977606266736984
-0.9197081396670796 -0.15139344334602356
-0.9360065489455565 -0.18280136585235596
-1.0199523386179976 -0.2529965341091156
-1.0279908707128698 -0.3235261142253876
-1.1814816618237387 -0.40451282262802124
-1.3309719775582494 -0.46166130900382996
-0.9067793004225564 -0.5344825983047485
-1.3907014614886748 -0.6869040727615356
-1.1278818397008195 -0.6725516319274902
-1.1710827119629812 -0.7308143973350525
-1.1363444504038398 -0.7762752771377563
-0.9955801192488707 -0.7990666031837463
-0.9095564883033376 -0.8323648571968079
-0.7637828936914275 -0.8552208542823792
-0.9305355813233973 -0.9401050806045532
-0.6302055814924188 -0.9305937886238098
-0.7870350353146023 -1.0
-0.45748845607903377 -0.9838259220123291
-0.529839230966104 -1.0
-0.3331295903051341 -1.0
-0.2541528665347528 -1.0
-0.1264929589589201 -1.0
-0.03897875979555465 -1.0
0.0656549335234331 -1.0
0.15159516660509098 -1.0
0.23477241240919966 -1.0
0.3323772883214815 -1.0
0.42862927613185775 -1.0
0.5102906569878201 -1.0
0.5733488308960659 -1.0
0.712518672447743 -1.0
0.72559090329122 -1.0
0.7822053125311186 -1.0
0.808123248642346 -1.0
0.9837941608402048 -1.0
0.9678610054601222 -1.0
1.0146412933696638 -1.0
1.007656506338492 -1.0
1.1144650279405823 -1.0
1.062394355232584 -1.0
1.0403747118427873 -1.0
0.9584616382263107 -1.0
0.8750696053144225 -1.0
0.7505019053517117 -1.0
0.641140754470598 -1.0
0.527221006569448 -1.0
-0.13949053247870324 -1.0
0.24970765909716874 -0.8389906287193298
-0.2605777919030743 -0.9111270904541016
0.05771580982445812 -0.7843619585037231
-0.16823942495841493 -0.7897204160690308
-0.0488001237519029 -0.7198283672332764
-0.231314750147817 -0.7331331372261047
-0.17323212762613593 -0.6857666373252869
0.05869709072493379 -0.5867131352424622
-0.13017717586870958 -0.6047515273094177
-0.08837114544058977 -0.560379147529602
-0.23226473914417056 -0.565921425819397
0.011465366140384958 -0.47243666648864746
-0.1980796379897356 -0.5002050399780273
-0.15967164683166857 -0.46143805980682373
-0.24524953091406587 -0.4560144245624542
-0.017721921389863837 -0.3665488362312317
-0.08848134898948956 -0.36065414547920227
-0.1002135349115747 -0.3357963562011719
-0.14208154114078297 -0.321067750453949
-0.10992429833839878 -0.2887703776359558
-0.1299596841503785 -0.2741439938545227
-0.1383989175511715 -0.25724467635154724
-0.15148159532691352 -0.2423226237297058
-0.14096408426763674 -0.21781736612319946
-0.15150591997490892 -0.20267769694328308
-0.16077677410930846 -0.187658429145813
-0.17059206910971625 -0.17330753803253174
-0.15731117170554398 -0.1490544229745865
-0.16468791860296506 -0.13371965289115906
-0.17333689683192688 -0.11848752945661545
-0.1784471172262556 -0.10323480516672134
-0.23973739885866507 -0.09742449223995209
-0.2384903156190603 -0.08164925873279572
-0.22724445718728248 -0.06686156988143921
-0.21082494336030777 -0.051981907337903976
-0.28884229978655185 -0.0416422039270401
-0.2804718125044019 -0.02657010778784752
-0.2601952458090864 -0.014478355646133423
-0.2283117280427973 -0.0027120187878608704
-0.27454317029923914 0.009044967591762543
-0.23375061974189748 0.019557036459445953
-0.1733294004925483 0.025283783674240112
-0.10014764324876069 0.02817375212907791
-0.17965187035406416 0.014961563050746918
-0.16510021016813425 0.006347939372062683
-0.16906353352948145 -0.010353934019804
-0.20698576154524062 -0.03205999359488487
-0.5464978794040576 -0.10289213061332703
-0.6881607357544226 -0.13328617811203003
-0.8028983362605686 -0.1636580228805542
-0.8744113152858972 -0.19153377413749695
-1.1221824146434187 -0.2683199644088745
-1.2226461225475305 -0.31745558977127075
-1.3393529995847189 -0.36837655305862427
-1.4218548996221898 -0.4084617793560028
-1.2921531922316376 -0.5492238998413086
-1.786375147964975 -0.697571873664856
-1.5985737322216664 -0.6939520835876465
-1.6110702949955567 -0.7430129647254944
-1.8272561884287484 -0.8380562663078308
-1.5620904393213095 -0.8275730013847351
-1.6541972547998967 -0.8929287791252136
-1.3950946062759044 -0.8871641755104065
-1.8543872963147692 -1.0
-1.5234351274696678 -1.0
-1.4661079598818105 -1.0
-1.3200805333926269 -1.0
-1.275377702945093 -1.0
-1.1861256378441567 -1.0
-1.1142343795025909 -1.0
-1.0024200585559129 -1.0
-0.8977605468668912 -1.0
-0.8031599739313151 -1.0
-0.7196019861495415 -1.0
-0.647685651509903 -1.0
-0.5990706989960017 -1.0
-0.5632327380231459 -1.0
-0.5220539085468658 -1.0
-0.47770384231068874 -1.0
-0.42625374622008394 -1.0
-0.39055695180525163 -1.0
-0.37366117314456915 -1.0
-0.37231776393878135 -1.0
-0.2751692093911515 -1.0
-0.24528751807758908 -1.0
-0.18724468079932421 -1.0
-0.14136100011614872 -1.0
0.03363884556057428 -1.0
0.04865730135617241 -1.0
0.0978638246804735 -1.0
0.066218810540704 -1.0
0.246844821446075 -1.0
0.07152412184103696 -1.0
0.04135481093680937 -1.0
-0.08165324581557343 -1.0
-0.6469123242475803 -1.0
-0.47067274257904046 -0.9183444976806641
-0.8319408823103345 -0.9556605815887451
-0.6201062890732487 -0.8554983735084534
-0.5359209907041986 -0.7742212414741516
-0.6156326839135318 -0.7518286108970642
-0.632400209695902 -0.7168999910354614
-0.7118065362459447 -0.702717661857605
-0.5963106948291284 -0.6374366879463196
-0.7204523119382884 -0.6453875303268433
-0.6841603797767561 -0.6110065579414368
-0.7680037426422928 -0.6114837527275085
-0.7247705761452607 -0.5764722228050232
-0.8059672977813648 -0.5770708322525024
-0.8139806585361953 -0.5561944246292114
-0.8603397608427485 -0.5466927886009216
-0.8483168097309886 -0.5189661383628845
-0.8846440495739785 -0.504618227481842
-0.9020324771749983 -0.4852053225040436
-0.9123389212801953 -0.4683366119861603
-1.0570219389339854 -0.49536043405532837
-1.042288946699955 -0.47424980998039246
-1.0487381704400036 -0.46396011114120483
-1.0362261557633587 -0.44794541597366333
-1.0746465908050595 -0.45128580927848816
-1.0642850358212286 -0.4363272786140442
-1.050877377081349 -0.4220064580440521
-1.0304154575979396 -0.4060133993625641
-1.0511368975953133 -0.4075361490249634
-1.0281218961532659 -0.39290404319763184
-0.999009541396731 -0.37785327434539795
-0.9729529788537548 -0.3621239960193634
-0.8207225003854433 -0.31788957118988037
-0.8028039265447546 -0.3049500286579132
-0.8062198681381574 -0.28945237398147583
-0.8187343076432398 -0.2757972478866577
-0.7208417708917523 -0.22449016571044922
-0.6959399346641817 -0.20489269495010376
-0.6958721076567826 -0.19092103838920593
-0.7061458114952188 -0.18095597624778748
-0.6181057121290223 -0.1364249587059021
-0.580742138779101 -0.12214387953281403
-0.5618013844107281 -0.11623168736696243
-0.5449209794742274 -0.11553570628166199
-0.4518474189687822 -0.09212037920951843
-0.3866971515737987 -0.09347666800022125
-0.36978227709869316 -0.10636277496814728
-0.40112299132022144 -0.1267610639333725
-0.6054724555473285 -0.16818973422050476
-0.7282259579898209 -0.1950337290763855
-0.8565679432077786 -0.2249763309955597
-0.9702341712260818 -0.25376516580581665
-1.1667823700457234 -0.2996617555618286
-1.2849296377505084 -0.3349219858646393
-1.4120250619663466 -0.3737167716026306
-1.4904641832960124 -0.40571561455726624
-1.3140820101447162 -0.5332216024398804
-1.8021485163708917 -0.6803930401802063
-1.6617988061486813 -0.6853628158569336
-1.6656643335524564 -0.7314841151237488
-1.9200885083090498 -0.8385298848152161
-1.6166034183207216 -0.824560821056366
-1.7353460775352119 -0.9004181027412415
-1.4086478459504406 -0.8912338018417358
-1.8251612187114574 -1.0
-1.4709288926881072 -1.0
-1.3833387899508125 -1.0
-1.1866099112613142 -1.0
-1.077776813335447 -1.0
-0.8640815890635167 -1.0
-0.669475297495012 -1.0
-0.48803899709162124 -1.0
-0.3121974904739204 -1.0
-0.14689707378619232 -1.0
0.004765555442133973 -1.0
0.15549714638302703 -1.0
0.2985457606654336 -1.0
0.41999643678576604 -1.0
0.5009445228645291 -1.0
0.540379692932504 -1.0
0.5419601040001112 -1.0
0.4970599969400382 -1.0
0.41560109941462997 -1.0
0.30098585206417283 -1.0
0.1669321555130523 -1.0
0.021197977655788236 -1.0
-0.051782970394981476 -1.0
-0.055536213233551734 -1.0
0.13715193569072426 -1.0
0.11992747403144222 -1.0
0.16751555007300567 -1.0
0.14592294420566532 -1.0
0.3010764531099426 -1.0
0.17952591848950306 -1.0
0.16925481024816236 -1.0
0.07147539671092318 -1.0
-0.5039422013583703 -1.0
-0.5045531839697333 -0.9939508438110352
-0.733295002164823 -1.0
-0.6578818616686704 -0.9400433301925659
-0.6458351455905813 -0.8823818564414978
-0.7005006874750279 -0.8533754944801331
-0.7305244256524475 -0.8221132159233093
-0.7831949946952932 -0.8010997176170349
-0.9183520503103182 -0.8082391619682312
-0.884066565140813 -0.7750904560089111
-0.9484168356123632 -0.7724632024765015
-0.9200662478326649 -0.7470726370811462
-0.9099055143260557 -0.724326491355896
-0.9214808296420074 -0.7116925120353699
-0.9232323812689742 -0.6974928975105286
-0.9313922351550445 -0.6859812140464783
-0.8808315956964634 -0.6573638319969177
-0.9047153133388406 -0.6525477766990662
-0.8869426045802129 -0.6356895565986633
-0.9097174716066547 -0.6274878978729248
-0.5732509705365487 -0.5121804475784302
-0.7019758568413295 -0.5284016132354736
-0.6950709887390758 -0.4973030090332031
-0.7478221427649601 -0.48399847745895386
-0.5771398403994112 -0.40799981355667114
-0.6016047772025104 -0.3921557366847992
-0.6178262566706394 -0.36923229694366455
-0.6502675454935911 -0.3509362041950226
-0.48778970426405976 -0.2800517976284027
-0.49656600500287595 -0.26036468148231506
-0.5175495013739351 -0.23969799280166626
-0.5376171192975221 -0.22217077016830444
-0.6148371181338916 -0.22000300884246826
-0.611074175064914 -0.20319417119026184
-0.5860151184373876 -0.1873905062675476
-0.5571330716539933 -0.17194980382919312
-0.5971661745093684 -0.16696423292160034
-0.5859393687811121 -0.15437132120132446
-0.5666253546655184 -0.1436561644077301
-0.542153827861739 -0.1338586062192917
-0.5697611284893469 -0.13253512978553772
-0.5445452543790452 -0.1271315962076187
-0.502781062280917 -0.1245143711566925
-0.45440016183579246 -0.12484271824359894
-0.4373241173889255 -0.12982693314552307
-0.4189196110876878 -0.13952314853668213
-0.4310589272143943 -0.1559743583202362
-0.4823885625350499 -0.17801529169082642
-0.6405885752919858 -0.21934393048286438
-0.766930968776478 -0.24905574321746826
-0.8935276117722424 -0.27800023555755615
-1.014440211747285 -0.3056701421737671
-1.194674127441317 -0.34884488582611084
-1.3110996498440386 -0.37817421555519104
-1.4176898522603665 -0.40683767199516296
-1.5109243606166274 -0.4328140914440155
-1.1527942674566134 -0.4932672083377838
-1.646369387988102 -0.621802806854248
-1.6246825877019546 -0.6268226504325867
-1.7151991043645012 -0.657114565372467
-1.7817022462187992 -0.6825084090232849
-1.7724179286634012 -0.6944602131843567
-1.736586616381544 -0.7033694386482239
-1.6745419151795318 -0.7120186686515808
-1.6979150248774886 -0.7400954365730286
-1.5798688665242366 -0.7391709089279175
-1.567809979406718 -0.7589707970619202
-1.49597801969918 -0.7592947483062744
-1.298632244708017 -0.7232915759086609
-1.4426117649837238 -0.749154269695282
-1.3557834418113544 -0.7209815979003906
-1.480796576392322 -0.7383537292480469
-1.2594340270326825 -0.6798599362373352
-1.4641013272301393 -0.714316189289093
-1.3195858654502786 -0.6710945963859558
-1.4906225935497446 -0.6966800689697266
-1.2225090284234739 -0.6240475177764893
-1.4751923196749317 -0.6664026975631714
-1.2762967860866183 -0.6099910736083984
-1.4464192219663232 -0.6387700438499451
-1.29698550262259 -0.6004498600959778
-1.368993002890818 -0.6123166680335999
-1.259948679222532 -0.5856809616088867
-1.2950637227176003 -0.5894991755485535
-1.1704520336757582 -0.5570309162139893
-1.2043753139620321 -0.5605301260948181
-1.130752298077141 -0.5374978184700012
-1.1389952885377284 -0.5340234041213989
-1.047910437770554 -0.506378710269928
-1.0786079130194253 -0.5078051686286926
-1.0477602105365236 -0.4917343854904175
-1.0746663126533917 -0.4895811975002289
-0.9581299779184178 -0.45066189765930176
-1.0390639468829477 -0.46122172474861145
-1.0309868189584108 -0.44329312443733215
-1.079324435148635 -0.4420640766620636
-1.6124761389801279 -0.3924790024757385
-1.1842975371824878 -0.23406097292900085
-1.3573610079327523 -0.28510522842407227
-1.2696846281672833 -0.24332448840141296
-1.1867661794953506 -0.21942564845085144
-1.1968803376129244 -0.2180432677268982
-1.182259494108223 -0.20775124430656433
-1.1863340936433815 -0.2033807933330536
-1.003995228242104 -0.15493103861808777
-1.0452313793834378 -0.16468992829322815
-1.022620124240916 -0.14970964193344116
-1.0392867782104531 -0.1460203230381012
-0.8923550914431644 -0.10014541447162628
-0.9145548543059476 -0.10179975628852844
-0.9076615821168161 -0.08942113816738129
-0.919928272870095 -0.08259639889001846
-0.7702532462052432 -0.03590143099427223
-0.7821603606361691 -0.033517081290483475
-0.7827112219023888 -0.021743182092905045
-0.7935364791882193 -0.013235960155725479
-0.6966531604653028 0.01820944994688034
-0.6932439313258669 0.025286659598350525
-0.6871865097863861 0.03620340675115585
-0.687020894972818 0.045642077922821045
-0.5960645423828055 0.07385814934968948
-0.587058898947646 0.08349374681711197
-0.5819154721171458 0.0950656458735466
-0.5798481793929113 0.10590528696775436
-0.4890518577489047 0.13215768337249756
-0.4711085348148458 0.1445542573928833
-0.4582388559019819 0.1572786569595337
-0.4466699945137975 0.16918301582336426
-0.3721349989907594 0.18779340386390686
-0.34003507091074425 0.2017170786857605
-0.30397459894163603 0.2158980369567871
-0.2599527357286888 0.22963052988052368
-0.15591542560224525 0.2559810280799866
-0.06243709181944723 0.2741113305091858
0.041221198594200814 0.29039105772972107
0.15186125695350938 0.304961234331131
0.3240634120137429 0.3315577208995819
0.4257058876239057 0.34391847252845764
0.47577932625904396 0.3459477424621582
0.48011918591282665 0.3388110399246216
0.49365822082666 0.33510303497314453
0.4519121645456039 0.3197536766529083
0.38355205937631354 0.29886022210121155
0.297677469996529 0.27519261837005615
0.20118200299884847 0.25504910945892334
0.1041861199367986 0.232264906167984
0.005176699813887353 0.21013563871383667
-0.0903572044310863 0.1897624433040619
-0.17397750750149044 0.1764729917049408
-0.2506443014729598 0.16141411662101746
-0.32338685526855215 0.14705419540405273
-0.39065915583927335 0.13388696312904358
-0.028204591577832616 0.10210611671209335
-0.32658742640245464 0.005532123148441315
-0.4258349943656867 -0.022061187773942947
-0.46821998087614247 -0.0351959764957428
-0.5616946610384161 -0.06255759298801422
-0.5883183860294139 -0.0728960782289505
-0.5971720891246264 -0.08095607161521912
-0.5968663995441261 -0.08861711621284485
-0.661821936144861 -0.11520525813102722
-0.6709125330010579 -0.12583135068416595
-0.6685292635802398 -0.13588786125183105
-0.6525115961842403 -0.14581948518753052
-0.6474290138723973 -0.1650943011045456
-0.5987959896174289 -0.18120992183685303
-0.5717043182524435 -0.2041923999786377
-0.5405512185615748 -0.22582131624221802
-0.5042518466949559 -0.2513241767883301
-0.48827007937074995 -0.2748117744922638
-0.4384563414103013 -0.2919448912143707
-0.3850280135003459 -0.31147536635398865
-0.32916478178071884 -0.3330784738063812
-0.28230838084203924 -0.35325518250465393
-0.2267272001083711 -0.3693614602088928
-0.20013113752060008 -0.3837440311908722
-0.12503186440341096 -0.3785138726234436
-0.1350343481648224 -0.3831661343574524
-0.11488387662689092 -0.3729199469089508
-0.10821053566087357 -0.3624005615711212
0.008652935629356762 -0.32115066051483154
-0.019026236169679578 -0.313332736492157
0.019913715069947102 -0.28905120491981506
0.01995821607988546 -0.27513444423675537
0.15032694225158139 -0.2244967520236969
0.09475553594830899 -0.21672004461288452
0.11142103994814079 -0.18790927529335022
0.07477172384676578 -0.1714930385351181
0.2637071980500423 -0.09486033767461777
0.18753688646796718 -0.09167661517858505
0.19288430273877566 -0.06480976194143295
0.13234163597371662 -0.05481934919953346
-0.4211913633221229 -0.02151043713092804
-0.1434014199647322 0.11169888824224472
-0.279021541358361 0.09546666592359543
-0.2944965440819942 0.12151818722486496
-0.296572499712056 0.1466628611087799
-0.3563948667853083 0.15479719638824463
-0.40535157343293804 0.16614767909049988
-0.44058662702553875 0.1758289933204651
-0.6286611825382806 0.1326589286327362
-0.61884974905945 0.14650872349739075
-0.6113013490618187 0.14718204736709595
-0.5863623291688782 0.15057551860809326
-0.6186156253143622 0.13479718565940857
-0.6002461780149702 0.1380704641342163
-0.5824666080683301 0.13929206132888794
-0.5606482441016851 0.1416625678539276
-0.5765700302010828 0.1297760307788849
-0.5522508878593158 0.13271966576576233
-0.5256683258214707 0.13474220037460327
-0.5027366716197434 0.13702550530433655
-0.3399733193425618 0.17688554525375366
-0.3340903035457359 0.17882201075553894
-0.34164117110645975 0.18497666716575623
-0.3589823299383852 0.19077301025390625
-0.29317460499947856 0.22419652342796326
-0.2922046555334532 0.2344568967819214
-0.2999929534590251 0.24439102411270142
-0.31099155668516687 0.2540770173072815
-0.23916981484700273 0.2906152606010437
-0.23485965254997154 0.3051120936870575
-0.2380917258141153 0.3182363510131836
-0.234219135831097 0.33126169443130493
-0.2423191260160138 0.3428668677806854
-0.2060808477525029 0.3573446571826935
-0.14614925095696663 0.37284231185913086
-0.06529981498340476 0.3889130651950836
-0.02004476016662693 0.4052002429962158
0.085806655785575 0.42069852352142334
0.20694377159821897 0.43650856614112854
0.3286649763022069 0.45115479826927185
0.3889919541296649 0.46298494935035706
0.4558561972827988 0.4659588038921356
0.49220838299913794 0.46128830313682556
0.49980410771280503 0.44972047209739685
0.40013492875425527 0.4225940704345703
0.3453357410122635 0.3985256254673004
0.2878662311815674 0.37545523047447205
0.22653112574880652 0.35278838872909546
0.06171370357566275 0.315688818693161
-0.031913856668836615 0.2875623404979706
-0.11058159020348057 0.26416757702827454
-0.17859334336191068 0.24414798617362976
-0.3252249139476362 0.2124154269695282
-0.4087109583379629 0.1895759105682373
-0.4711295014940333 0.17062491178512573
-0.5049971807019347 0.15401825308799744
-0.12424238341486671 0.10982028394937515
-0.40532362423113 -0.004532873630523682
-0.49897949063841907 -0.04998796433210373
-0.48663366908920125 -0.08343388140201569
-0.600855289245942 -0.1569821834564209
-0.5815536103817749 -0.20430287718772888
-0.5577957724455018 -0.2539120614528656
-0.5234018296211502 -0.30103111267089844
-0.6582852711050009 -0.38522520661354065
-0.58238126081784 -0.42505010962486267
-0.51599226597898 -0.4726463258266449
-0.4370468427164269 -0.5171332359313965
-0.5529916558917307 -0.6013520956039429
-0.271065010468476 -0.591880738735199
-0.20188548896760494 -0.6290013790130615
0.003578012585990109 -0.6310911774635315
-0.01943555780508177 -0.6809878945350647
0.20015039245589605 -0.6727036833763123
0.2296157142714037 -0.7029000520706177
0.40396885778255864 -0.6996229290962219
0.3286212989306705 -0.7463040947914124
0.5505217408140197 -0.7280351519584656
0.4988231614927372 -0.7606614828109741
0.6688854260097514 -0.7413703799247742
0.689990234887432 -0.7464969158172607
0.7632166260199824 -0.7377177476882935
0.7639239411907965 -0.7406925559043884
0.8101187685587092 -0.7293487191200256
0.900312519461977 -0.7022160887718201
0.8392511067399937 -0.7047968506813049
0.8749950756176759 -0.6820393204689026
0.7948264726989578 -0.6805271506309509
0.9266268994230131 -0.6248842477798462
0.7282949322806189 -0.6411072015762329
0.7772458567637841 -0.5987251400947571
0.5727378572846646 -0.6096175312995911
0.7561443890487567 -0.5257661938667297
0.4609096388987268 -0.5582428574562073
0.5605847222195166 -0.5036959648132324
0.33910840251547825 -0.5296634435653687
-0.111072144000957 -0.4625551402568817
0.0919559545948232 -0.37181270122528076
-0.10670201871789686 -0.38997453451156616
-0.06813489337150713 -0.34603333473205566
-0.051802498597055546 -0.3127460479736328
-0.0895086077868541 -0.29628387093544006
-0.11606144915657524 -0.2776428461074829
-0.15083624775326143 -0.2623569965362549
-0.2382674022007336 -0.262588769197464
-0.24213773545830009 -0.24383163452148438
-0.25910665097217134 -0.23285290598869324
-0.26376853997254557 -0.2195969820022583
-0.31505920753636474 -0.21904146671295166
-0.32103910639358446 -0.20531371235847473
-0.3345035082853087 -0.19480732083320618
-0.34166980561695937 -0.18283334374427795
-0.3743072321269665 -0.17893727123737335
-0.37907176126736886 -0.16679826378822327
-0.3833096296241365 -0.15609100461006165
-0.3836106850230294 -0.14517590403556824
-0.3912700851761315 -0.13749951124191284
-0.3956820736884197 -0.1268363893032074
-0.39895745784849623 -0.11562197655439377
-0.4012009390286835 -0.10395683348178864
-0.3992712868658259 -0.09119912981987
-0.3982812652481016 -0.07883308082818985
-0.3960199875525632 -0.06611064076423645
-0.3925862489157339 -0.053115248680114746
-0.37393339449596397 -0.03720993921160698
-0.36502122637881484 -0.02366403490304947
-0.3548270410435066 -0.009869642555713654
-0.3428152992512423 0.0038356706500053406
-0.30992500713762183 0.01972680538892746
-0.2849279566150926 0.03312548249959946
-0.25770672942383044 0.045630909502506256
-0.22915891027531643 0.05721127241849899
-0.18512691863111286 0.07270722836256027
-0.138257206243793 0.08481662720441818
-0.08107016123602762 0.09609384089708328
-0.010150559703618 0.1067981943488121
0.0955100906319899 0.1219453290104866
0.18564219694883377 0.13102003931999207
0.25333823907755004 0.13491567969322205
0.28639039297360114 0.13244637846946716
0.2796700555554139 0.12355368584394455
0.2408416379758478 0.1087758019566536
0.1756781633194464 0.08947936445474625
0.09039481636034452 0.06709054857492447
-0.028995027263135853 0.04197237640619278
-0.13897293622989082 0.01766345649957657
-0.2485134573000778 -0.005613379180431366
-0.3525277028264213 -0.027123570442199707
-0.4540486869056508 -0.04609540477395058
-0.544328557329834 -0.06398904323577881
-0.6277994700362797 -0.08035540580749512
-0.7019735276146548 -0.094706691801548
-0.28942218306616496 -0.11693465709686279
-0.6521620208387731 -0.21559935808181763
-0.7433356994325777 -0.23430681228637695
-0.8006330199914373 -0.244238942861557
-0.8920973089976769 -0.26047003269195557
-0.9187838022216397 -0.2626435160636902
-0.9361507243539222 -0.26371631026268005
-0.9460763757335826 -0.26348787546157837
-1.0081612925011427 -0.27519360184669495
-1.0152404833838773 -0.27383866906166077
-1.0166244511486866 -0.273448646068573
-0.9989881188511163 -0.2729991674423218
-1.0642638228720784 -0.29923537373542786
-1.0287554241006092 -0.3042449355125427
-1.005154116534925 -0.3167935609817505
-0.9681742559957343 -0.32823923230171204
-0.9654592562161497 -0.35361722111701965
-0.9108449403844361 -0.36869677901268005
-0.8946164826569998 -0.38873395323753357
-0.8297799633695035 -0.4007713198661804
-0.8207723198094072 -0.4297293722629547
-0.7461993855883975 -0.44352665543556213
-0.7092050907903626 -0.46323975920677185
-0.648402378974879 -0.4744310975074768
-0.5705844060663594 -0.4797305762767792
-0.5455190057702453 -0.48967117071151733
-0.49767720793715853 -0.4887063801288605
-0.4663964148459172 -0.48776888847351074
-0.3834929267051166 -0.4720132350921631
-0.3869799837401615 -0.4707718789577484
-0.337922132063909 -0.4552381932735443
-0.33663500126129975 -0.4479575455188751
-0.26705285311174976 -0.42158249020576477
-0.30060738227149386 -0.41635555028915405
-0.28709188717022016 -0.39687928557395935
-0.33754974412471483 -0.38660064339637756
-0.322565392338106 -0.35356971621513367
-0.39513032472621035 -0.3408498466014862
-0.4168095495426769 -0.3176514804363251
-0.46985921796471075 -0.30603110790252686
-1.000268417265488 -0.2646186053752899
-0.6590481850782339 -0.1224374994635582
-0.8163145488730379 -0.15298345685005188
-0.7716424796319643 -0.11805811524391174
-0.7026654854592493 -0.08776156604290009
-0.7141084678365814 -0.08282743394374847
-0.7088407796414913 -0.07271595299243927
-0.7176870403097837 -0.06706339120864868
-0.5157198678725763 -0.005797825753688812
-0.5432422573916824 -0.011295847594738007
-0.5312209648223529 0.0006944909691810608
-0.5455623144411561 0.004976816475391388
-0.41419881379573553 0.048161692917346954
-0.43426324287213447 0.04730837792158127
-0.43855855839586866 0.05604100972414017
-0.45646705013353994 0.06148826330900192
-0.33639955951815637 0.10506459325551987
-0.3631378574344808 0.10783859342336655
-0.38448843499480745 0.11714308708906174
-0.40522034386935957 0.12499416619539261
-0.3956879220230576 0.13682594895362854
-0.40021574740529786 0.14460715651512146
-0.40276798118446777 0.15280437469482422
-0.40453965883381215 0.1608392298221588
-0.39702874952820366 0.17201903462409973
-0.39394996465659915 0.18073329329490662
-0.39025730861055763 0.1896597445011139
-0.38528232560048536 0.198944091796875
-0.35572379079212624 0.2142077386379242
-0.3448432176818983 0.2249622941017151
-0.3342358636633662 0.23589059710502625
-0.32049687750958356 0.24709174036979675
-0.2877766819055978 0.26123449206352234
-0.2575439570284743 0.2740621566772461
-0.21884841677393752 0.2872071862220764
-0.16815363140398176 0.30079224705696106
-0.1110629285863638 0.3274012506008148
-0.015943994303370346 0.34542617201805115
0.09270901404272536 0.3618394732475281
0.20797172162792776 0.37711983919143677
0.3183224324999969 0.4034672677516937
0.4074670571453112 0.41439828276634216
0.45267028144786536 0.41591876745224
0.4595068867034229 0.40958866477012634
0.39656272108209123 0.39909738302230835
0.3540478959116058 0.3820180892944336
0.30005554488656117 0.36240842938423157
0.236178665167472 0.3414943516254425
0.05570194862485778 0.3076108694076538
-0.046102705650469034 0.2805127203464508
-0.1258393155968065 0.25766023993492126
-0.1080262195602586 0.23677894473075867
-0.10857576868403385 0.1879090666770935
-0.05790525377540234 0.12156962603330612
-0.1852093151663894 0.04228983074426651
-0.2654845861731019 -0.015146955847740173
-0.09674591374408692 -0.12616285681724548
-0.49992588488220235 -0.2657771706581116
-0.5564625231105538 -0.3123784363269806
-0.5661817646985696 -0.3474976420402527
-0.8358170204818407 -0.4416278898715973
-0.753214069838009 -0.46958234906196594
-0.6961965799594054 -0.5115048289299011
-0.6119445681594016 -0.5508549809455872
-0.8224731675153976 -0.6574341654777527
-0.4687393901012342 -0.6389427781105042
-0.3994990685064863 -0.6859050989151001
-0.13432117743201388 -0.6890490651130676
-0.209296887044502 -0.7625821828842163
0.09829088357116689 -0.7511611580848694
0.09690933405539681 -0.7998474836349487
0.33632996393538406 -0.7953389883041382
0.25563795307215287 -0.8520257472991943
0.5249602992536211 -0.8374177813529968
0.46537604117042974 -0.8848638534545898
0.7083833991487154 -0.8705552816390991
0.5262191987638971 -0.9332354664802551
0.8491702882562322 -0.8982293009757996
0.6496310599342223 -0.9579100608825684
0.9885564937029585 -0.9131953716278076
0.8958993811783671 -0.9412174224853516
1.1088744014491567 -0.9095622301101685
0.9670181724364966 -0.9426683783531189
1.1802510906434236 -0.9043792486190796
1.2431683973379108 -0.8844661116600037
1.231304792352148 -0.8782998323440552
1.2386097577269766 -0.86578768491745
1.190347064366449 -0.8599103689193726
1.3810580360931795 -0.788611114025116
1.1270426844245662 -0.813400149345398
1.2183640180526254 -0.7601791620254517
0.9557731555467512 -0.7807258367538452
1.3157121979198791 -0.6381378173828125
0.8683429261393485 -0.694750964641571
1.0490402249519661 -0.6081475615501404
0.7326355618308753 -0.6498527526855469
0.4916736832165043 -0.5241971015930176
0.48859862867391257 -0.47238901257514954
0.3142788375759551 -0.47529932856559753
0.2769212885305592 -0.4454760253429413
0.37438571609089877 -0.38333749771118164
0.26837803118195325 -0.37562063336372375
0.24503517780453876 -0.3462387025356293
0.18492129154793702 -0.32918956875801086
0.20141388651910574 -0.2962309718132019
0.16246566326731227 -0.2820875644683838
0.14831155648380445 -0.2640446722507477
0.12563278572639547 -0.2500019669532776
0.1732649388868026 -0.21915936470031738
0.14388344962912925 -0.20932701230049133
0.1319446871740979 -0.19483056664466858
0.11099364698412728 -0.18311859667301178
0.18262298018765932 -0.14983588457107544
0.15817924070199751 -0.1415250301361084
0.14570727441389408 -0.12862494587898254
0.12471014977245432 -0.11780333518981934
0.20845440122087666 -0.0819520503282547
0.190401968342087 -0.07289277017116547
0.17661011925366665 -0.060896653681993484
0.15631599771057836 -0.05033520609140396
0.19890788569932738 -0.020613819360733032
0.18659183190260364 -0.009242266416549683
0.1727021612940689 0.002379797399044037
0.15707818580750654 0.013480022549629211
0.20430288334125635 0.04328475892543793
0.20355552533908394 0.05615680664777756
0.19853106829776834 0.06811001151800156
0.19091985346364027 0.0795837864279747
0.1575103315991555 0.08852403610944748
0.16108681763950017 0.10161513835191727
0.18004102880928485 0.1159491166472435
0.21220683788249062 0.13093659281730652
0.19765943665237273 0.14621326327323914
0.24866174309744338 0.16080039739608765
0.3173633774421205 0.17453208565711975
0.40189655778453925 0.18838199973106384
0.4419635334766099 0.2036619782447815
0.5113295726221168 0.21356528997421265
0.5583474997318945 0.21814334392547607
0.5758182177997355 0.21712720394134521
0.44536596548527996 0.19632753729820251
0.3922748956933333 0.18114444613456726
0.3348476914161438 0.16446825861930847
0.26786208564061553 0.14613589644432068
-0.004118161845042323 0.09450020641088486
-0.12975257487624958 0.06688375025987625
-0.22174731055366692 0.04483463615179062
-0.21756821214273714 0.02486363798379898
-0.33280181744828496 -0.04045484960079193
-0.3531999417747329 -0.1015838086605072
-0.5032730003565007 -0.16595765948295593
-0.5702530150585403 -0.20652899146080017
-0.44206556131541674 -0.3181857764720917
-0.9012573203799548 -0.4469832479953766
-0.8717020208160875 -0.46972182393074036
-0.8683293464803796 -0.5036986470222473
-1.1696224808242164 -0.6059375405311584
-1.0815418283120835 -0.626309335231781
-0.9869473850758368 -0.6478672623634338
-0.8533927174588598 -0.6591626405715942
-1.1180063459416374 -0.7574129700660706
-0.780824361558075 -0.7249584197998047
-0.8228465852246245 -0.7798669338226318
-0.5327426349403481 -0.7676006555557251
-0.8078351173408009 -0.8718680143356323
-0.36294117440905893 -0.8295956254005432
-0.5733428581545468 -0.9172959327697754
-0.13777339932585164 -0.8766948580741882
-0.5696415163263282 -0.9982597231864929
0.08266658840693708 -0.9183136820793152
-0.2632488768178973 -1.0
0.15374418040045157 -0.9762260913848877
0.024470862433076945 -1.0
0.24024857420903345 -1.0
0.29831632128707497 -1.0
0.40705212663738166 -1.0
0.5099830902457256 -1.0
0.5632432190740815 -1.0
0.6224525193030672 -1.0
0.6701196696976695 -1.0
0.7867649425797936 -1.0
0.794627262962365 -1.0
0.8179443615925379 -1.0
0.8131264944746022 -1.0
0.8461456599824828 -1.0
0.8019403884235317 -1.0
0.7427170598282373 -1.0
0.6319578190850166 -1.0
0.8665304671750391 -0.8977916836738586
0.4901697451011273 -0.9289456009864807
0.6778216737908451 -0.8392685651779175
0.3350204262369516 -0.8767821192741394
0.1349455277738798 -0.7301543354988098
0.1398751512700187 -0.6608480215072632
-0.020620939741093025 -0.6541522741317749
-0.04378158951470823 -0.6159791946411133
0.07130553260554962 -0.5433933138847351
-0.09670878138854277 -0.5526316165924072
-0.08640110665044176 -0.5159749388694763
-0.20990797536524042 -0.5179994106292725
-0.1591626275649105 -0.4761219322681427
-0.25935761169176885 -0.4768233597278595
-0.2594579323599078 -0.45107436180114746
-0.30112243161585184 -0.4379267990589142
-0.28679056972191574 -0.4091341495513916
-0.3212111281650323 -0.39530304074287415
-0.34030363824524557 -0.37750256061553955
-0.36642208318750136 -0.3623594045639038
-0.3594153906544193 -0.3377583622932434
-0.38696388889275113 -0.3238801658153534
-0.4068677286007869 -0.3080287575721741
-0.42551977300627186 -0.29345905780792236
-0.5059618958745773 -0.29528579115867615
-0.5081968217002668 -0.27883708477020264
-0.5140299835121596 -0.266893595457077
-0.5121580048643182 -0.25358378887176514
-0.5809764352777051 -0.257821261882782
-0.5809504911594559 -0.24335962533950806
-0.5819104703636526 -0.2311202585697174
-0.5764837118985042 -0.21724078059196472
-0.6091576104657292 -0.2132873833179474
-0.6057305560963755 -0.19919651746749878
-0.5990192927591238 -0.18550443649291992
-0.5872590746001265 -0.17119675874710083
-0.6209099447307267 -0.16832858324050903
-0.6143178054116447 -0.15530551970005035
-0.600993521808391 -0.14233770966529846
-0.5850176623195011 -0.12929627299308777
-0.5849737897677301 -0.11064494401216507
-0.5646434712491555 -0.09656159579753876
-0.543306973547601 -0.08552497625350952
-0.5167120420836113 -0.07601134479045868
-0.5077318834586322 -0.06219911575317383
-0.45801154078310446 -0.05341184511780739
-0.39727966530915637 -0.04871989041566849
-0.3333070324188725 -0.04778825491666794
-0.2683510824816153 -0.03890661522746086
-0.23927678447381595 -0.046077094972133636
-0.25957810492349154 -0.06242518499493599
-0.3218156949415061 -0.0846542939543724
-0.5368075478037895 -0.13212162256240845
-0.6748676255269856 -0.16179460287094116
-0.7963477827505017 -0.18978071212768555
-0.8269646910504207 -0.21680939197540283
-0.9307302690356778 -0.28177353739738464
-0.9697871169416885 -0.3424217104911804
-1.1342012255362306 -0.4071637988090515
-1.2334231098120654 -0.44863858819007874
-1.11485035313558 -0.5738057494163513
-1.5289525332070752 -0.7040823698043823
-1.253862833228709 -0.6911383867263794
-1.2335651821114766 -0.7391490936279297
-1.2809176941714782 -0.8031731247901917
-1.060575612905211 -0.8099671006202698
-0.9866498972349973 -0.8513228297233582
-0.7863097580392377 -0.866757333278656
-1.0589890818208119 -0.9746980667114258
-0.6284110004798436 -0.9455795288085938
-0.7349447821582089 -1.0
-0.48849765089966013 -1.0
-0.32549481893875054 -1.0
-0.2126684598320594 -1.0
-0.11099912557074276 -1.0
-0.018387506861529346 -1.0
0.146801427340165 -1.0
0.2069303166358054 -1.0
0.2984513361069503 -1.0
0.36707617816892935 -1.0
0.5286457870222989 -1.0
0.5759531076903954 -1.0
0.6561018277287758 -1.0
0.7062625535700704 -1.0
0.7934467021345313 -1.0
0.834764824800402 -1.0
0.8846356690416428 -1.0
0.9152241308073599 -1.0
1.0050975902878463 -1.0
1.0046894776025965 -1.0
1.0246722548234857 -1.0
1.0215998915251134 -1.0
1.0629075610399354 -1.0
1.0353521205017842 -1.0
1.0006695021289715 -1.0
0.9154702534581816 -1.0
0.8502946353287939 -1.0
0.6952996050625302 -1.0
0.6716325702777795 -0.9656937122344971
0.5269157254772381 -0.9573713541030884
0.16161183853233752 -0.8552036881446838
0.3079383661231532 -0.7434149980545044
0.026799215292157896 -0.7620503306388855
0.10445557716479925 -0.6935268640518188
0.0865988406299607 -0.6505120396614075
0.007451297767772758 -0.6317147016525269
-0.05031741120728839 -0.6103092432022095
-0.12719648196150501 -0.5960767865180969
-0.09865358185328432 -0.5554326772689819
-0.2054368715719761 -0.5549606084823608
-0.220187673577243 -0.5322316884994507
-0.29627641858428433 -0.527353823184967
-0.2592965559826439 -0.4922608733177185
-0.33806530688366365 -0.4891906678676605
-0.3471722719376089 -0.46729329228401184
-0.38066572388771647 -0.45291411876678467
-0.3160039876673295 -0.41324329376220703
-0.34725751649625636 -0.40071359276771545
-0.35839272695397995 -0.3821605443954468
-0.37934561781884213 -0.367051899433136
-0.3134438423149959 -0.3314373791217804
-0.3303590789203099 -0.31862208247184753
-0.33795469934432276 -0.3023082911968231
-0.3513888174974795 -0.2880494296550751
-0.2863896045394654 -0.2548360526561737
